20000 1.272237e+01
7.374741e+00 1.846145e+02 2.059189e+02
0.000000e+00 0.000000e+00 2.557050e+01 5.000000e-01 7.166667e-01
1.562500e-03 0.000000e+00 2.556918e+01 5.049079e-01 7.165305e-01
3.125000e-03 0.000000e+00 2.556785e+01 5.098105e-01 7.161222e-01
4.687500e-03 0.000000e+00 2.556552e+01 5.147026e-01 7.154425e-01
6.250000e-03 0.000000e+00 2.556136e+01 5.195789e-01 7.144925e-01
7.812500e-03 0.000000e+00 2.555790e+01 5.244343e-01 7.132737e-01
9.375000e-03 0.000000e+00 2.555094e+01 5.292635e-01 7.117881e-01
1.093750e-02 0.000000e+00 2.554642e+01 5.340614e-01 7.100382e-01
1.250000e-02 0.000000e+00 2.553674e+01 5.388229e-01 7.080268e-01
1.406250e-02 0.000000e+00 2.553124e+01 5.435427e-01 7.057571e-01
1.562500e-02 0.000000e+00 2.551895e+01 5.482159e-01 7.032330e-01
1.718750e-02 0.000000e+00 2.551257e+01 5.528375e-01 7.004585e-01
1.875000e-02 0.000000e+00 2.549776e+01 5.574025e-01 6.974381e-01
2.031250e-02 0.000000e+00 2.549061e+01 5.619061e-01 6.941769e-01
2.187500e-02 0.000000e+00 2.547341e+01 5.663433e-01 6.906800e-01
2.343750e-02 0.000000e+00 2.546562e+01 5.707095e-01 6.869533e-01
2.500000e-02 0.000000e+00 2.544616e+01 5.750000e-01 6.830029e-01
2.656250e-02 0.000000e+00 2.543787e+01 5.792102e-01 6.788351e-01
2.812500e-02 0.000000e+00 2.541631e+01 5.833355e-01 6.744568e-01
2.968750e-02 0.000000e+00 2.540767e+01 5.873717e-01 6.698751e-01
3.125000e-02 0.000000e+00 2.538417e+01 5.913142e-01 6.650976e-01
3.281250e-02 0.000000e+00 2.537537e+01 5.951590e-01 6.601320e-01
3.437500e-02 0.000000e+00 2.535010e+01 5.989019e-01 6.549864e-01
3.593750e-02 0.000000e+00 2.534131e+01 6.025388e-01 6.496693e-01
3.750000e-02 0.000000e+00 2.531447e+01 6.060660e-01 6.441894e-01
3.906250e-02 0.000000e+00 2.530588e+01 6.094796e-01 6.385556e-01
4.062500e-02 0.000000e+00 2.527766e+01 6.127760e-01 6.327770e-01
4.218750e-02 0.000000e+00 2.526948e+01 6.159516e-01 6.268632e-01
4.375000e-02 0.000000e+00 2.524010e+01 6.190030e-01 6.208238e-01
4.531250e-02 0.000000e+00 2.523253e+01 6.219270e-01 6.146687e-01
4.687500e-02 0.000000e+00 2.520219e+01 6.247204e-01 6.084080e-01
4.843750e-02 0.000000e+00 2.519521e+01 6.273803e-01 6.020518e-01
5.000000e-02 0.000000e+00 2.518824e+01 6.299038e-01 5.956105e-01
0.000000e+00 1.562500e-03 2.401012e+01 4.999398e-01 7.166332e-01
1.562500e-03 1.562500e-03 2.400924e+01 5.052264e-01 7.274302e-01
3.125000e-03 1.562500e-03 2.400836e+01 5.104765e-01 7.357853e-01
4.687500e-03 1.562500e-03 2.400565e+01 5.157896e-01 7.426251e-01
6.250000e-03 1.562500e-03 2.400258e+01 5.210197e-01 7.484267e-01
7.812500e-03 1.562500e-03 2.399812e+01 5.262848e-01 7.534549e-01
9.375000e-03 1.562500e-03 2.399292e+01 5.314506e-01 7.578669e-01
1.093750e-02 1.562500e-03 2.398678e+01 5.366406e-01 7.617632e-01
1.250000e-02 1.562500e-03 2.397952e+01 5.417224e-01 7.652107e-01
1.406250e-02 1.562500e-03 2.397178e+01 5.468201e-01 7.682579e-01
1.562500e-02 1.562500e-03 2.396253e+01 5.518012e-01 7.709399e-01
1.718750e-02 1.562500e-03 2.395327e+01 5.567894e-01 7.732850e-01
1.875000e-02 1.562500e-03 2.394215e+01 5.616521e-01 7.753152e-01
2.031250e-02 1.562500e-03 2.393148e+01 5.665127e-01 7.770497e-01
2.187500e-02 1.562500e-03 2.391860e+01 5.712385e-01 7.785045e-01
2.343750e-02 1.562500e-03 2.390665e+01 5.759529e-01 7.796943e-01
2.500000e-02 1.562500e-03 2.389214e+01 5.805231e-01 7.806320e-01
2.656250e-02 1.562500e-03 2.387906e+01 5.850727e-01 7.813303e-01
2.812500e-02 1.562500e-03 2.386307e+01 5.894689e-01 7.818006e-01
2.968750e-02 1.562500e-03 2.384900e+01 5.938354e-01 7.820545e-01
3.125000e-02 1.562500e-03 2.383170e+01 5.980396e-01 7.821025e-01
3.281250e-02 1.562500e-03 2.381683e+01 6.022052e-01 7.819559e-01
3.437500e-02 1.562500e-03 2.379839e+01 6.062000e-01 7.816251e-01
3.593750e-02 1.562500e-03 2.378289e+01 6.101478e-01 7.811210e-01
3.750000e-02 1.562500e-03 2.376351e+01 6.139164e-01 7.804540e-01
3.906250e-02 1.562500e-03 2.374758e+01 6.176302e-01 7.796351e-01
4.062500e-02 1.562500e-03 2.372745e+01 6.211570e-01 7.786748e-01
4.218750e-02 1.562500e-03 2.371128e+01 6.246215e-01 7.775844e-01
4.375000e-02 1.562500e-03 2.369061e+01 6.278916e-01 7.763745e-01
4.531250e-02 1.562500e-03 2.367443e+01 6.310924e-01 7.750565e-01
4.687500e-02 1.562500e-03 2.365343e+01 6.340921e-01 7.736343e-01
4.843750e-02 1.562500e-03 2.363737e+01 6.370153e-01 7.729182e-01
5.000000e-02 1.562500e-03 2.362131e+01 6.396585e-01 5.955235e-01
0.000000e+00 3.125000e-03 2.244975e+01 4.997591e-01 7.165328e-01
1.562500e-03 3.125000e-03 2.244930e+01 5.052166e-01 7.306795e-01
3.125000e-03 3.125000e-03 2.244886e+01 5.110191e-01 7.433983e-01
4.687500e-03 3.125000e-03 2.244577e+01 5.165370e-01 7.548829e-01
6.250000e-03 3.125000e-03 2.244380e+01 5.222924e-01 7.653409e-01
7.812500e-03 3.125000e-03 2.243835e+01 5.277482e-01 7.749530e-01
9.375000e-03 3.125000e-03 2.243491e+01 5.334321e-01 7.838518e-01
1.093750e-02 3.125000e-03 2.242715e+01 5.388096e-01 7.921434e-01
1.250000e-02 3.125000e-03 2.242230e+01 5.444065e-01 7.999027e-01
1.406250e-02 3.125000e-03 2.241231e+01 5.496891e-01 8.071927e-01
1.562500e-02 3.125000e-03 2.240611e+01 5.551814e-01 8.140576e-01
1.718750e-02 3.125000e-03 2.239398e+01 5.603504e-01 8.205380e-01
1.875000e-02 3.125000e-03 2.238654e+01 5.657188e-01 8.266624e-01
2.031250e-02 3.125000e-03 2.237235e+01 5.707547e-01 8.324593e-01
2.187500e-02 3.125000e-03 2.236379e+01 5.759795e-01 8.379488e-01
2.343750e-02 3.125000e-03 2.234769e+01 5.808622e-01 8.431528e-01
2.500000e-02 3.125000e-03 2.233812e+01 5.859238e-01 8.480869e-01
2.656250e-02 3.125000e-03 2.232024e+01 5.906338e-01 8.527691e-01
2.812500e-02 3.125000e-03 2.230983e+01 5.955126e-01 8.572125e-01
2.968750e-02 3.125000e-03 2.229033e+01 6.000307e-01 8.614330e-01
3.125000e-02 3.125000e-03 2.227924e+01 6.047080e-01 8.654422e-01
3.281250e-02 3.125000e-03 2.225829e+01 6.090156e-01 8.692548e-01
3.437500e-02 3.125000e-03 2.224669e+01 6.134732e-01 8.728816e-01
3.593750e-02 3.125000e-03 2.222447e+01 6.175525e-01 8.763367e-01
3.750000e-02 3.125000e-03 2.221255e+01 6.217729e-01 8.796307e-01
3.906250e-02 3.125000e-03 2.218927e+01 6.256068e-01 8.827772e-01
4.062500e-02 3.125000e-03 2.217723e+01 6.295736e-01 8.857866e-01
4.218750e-02 3.125000e-03 2.215308e+01 6.331461e-01 8.886725e-01
4.375000e-02 3.125000e-03 2.214113e+01 6.368436e-01 8.914455e-01
4.531250e-02 3.125000e-03 2.211632e+01 6.401406e-01 8.941192e-01
4.687500e-02 3.125000e-03 2.210467e+01 6.434544e-01 8.966692e-01
4.843750e-02 3.125000e-03 2.207952e+01 6.543475e-01 9.031555e-01
5.000000e-02 3.125000e-03 2.205438e+01 6.492777e-01 5.952625e-01
0.000000e+00 4.687500e-03 2.087939e+01 4.994581e-01 7.163655e-01
1.562500e-03 4.687500e-03 2.087903e+01 5.053101e-01 7.315178e-01
3.125000e-03 4.687500e-03 2.087867e+01 5.114783e-01 7.460521e-01
4.687500e-03 4.687500e-03 2.087575e+01 5.173199e-01 7.598947e-01
6.250000e-03 4.687500e-03 2.087386e+01 5.234574e-01 7.730428e-01
7.812500e-03 4.687500e-03 2.086860e+01 5.292497e-01 7.855440e-01
9.375000e-03 4.687500e-03 2.086520e+01 5.353216e-01 7.974458e-01
1.093750e-02 4.687500e-03 2.085766e+01 5.410367e-01 8.088073e-01
1.250000e-02 4.687500e-03 2.085282e+01 5.470191e-01 8.196723e-01
1.406250e-02 4.687500e-03 2.084305e+01 5.526349e-01 8.300891e-01
1.562500e-02 4.687500e-03 2.083685e+01 5.585066e-01 8.400902e-01
1.718750e-02 4.687500e-03 2.082495e+01 5.640020e-01 8.497127e-01
1.875000e-02 4.687500e-03 2.081748e+01 5.697421e-01 8.589804e-01
2.031250e-02 4.687500e-03 2.080357e+01 5.750964e-01 8.679224e-01
2.187500e-02 4.687500e-03 2.079494e+01 5.806841e-01 8.765565e-01
2.343750e-02 4.687500e-03 2.077914e+01 5.858765e-01 8.849066e-01
2.500000e-02 4.687500e-03 2.076949e+01 5.912915e-01 8.929869e-01
2.656250e-02 4.687500e-03 2.075194e+01 5.963016e-01 9.008177e-01
2.812500e-02 4.687500e-03 2.074143e+01 6.015238e-01 9.084112e-01
2.968750e-02 4.687500e-03 2.072228e+01 6.063318e-01 9.157856e-01
3.125000e-02 4.687500e-03 2.071106e+01 6.113416e-01 9.229517e-01
3.281250e-02 4.687500e-03 2.069050e+01 6.159282e-01 9.299265e-01
3.437500e-02 4.687500e-03 2.067876e+01 6.207068e-01 9.367199e-01
3.593750e-02 4.687500e-03 2.065696e+01 6.250536e-01 9.433483e-01
3.750000e-02 4.687500e-03 2.064488e+01 6.295829e-01 9.498213e-01
3.906250e-02 4.687500e-03 2.062205e+01 6.336720e-01 9.561547e-01
4.062500e-02 4.687500e-03 2.060983e+01 6.379348e-01 9.623581e-01
4.218750e-02 4.687500e-03 2.058617e+01 6.417496e-01 9.684470e-01
4.375000e-02 4.687500e-03 2.057402e+01 6.457294e-01 9.744311e-01
4.531250e-02 4.687500e-03 2.054973e+01 6.492566e-01 9.803276e-01
4.687500e-02 4.687500e-03 2.053786e+01 6.527412e-01 9.860307e-01
4.843750e-02 4.687500e-03 2.051330e+01 6.658528e-01 1.000146e+00
5.000000e-02 4.687500e-03 2.048873e+01 6.587463e-01 5.948278e-01
0.000000e+00 6.250000e-03 1.925706e+01 4.990369e-01 7.161314e-01
1.562500e-03 6.250000e-03 1.925686e+01 5.052730e-01 7.315401e-01
3.125000e-03 6.250000e-03 1.925667e+01 5.118377e-01 7.467330e-01
4.687500e-03 6.250000e-03 1.925381e+01 5.180250e-01 7.616145e-01
6.250000e-03 6.250000e-03 1.925214e+01 5.245516e-01 7.761158e-01
7.812500e-03 6.250000e-03 1.924687e+01 5.306873e-01 7.902174e-01
9.375000e-03 6.250000e-03 1.924376e+01 5.371463e-01 8.039058e-01
1.093750e-02 6.250000e-03 1.923615e+01 5.432024e-01 8.171960e-01
1.250000e-02 6.250000e-03 1.923165e+01 5.495680e-01 8.300952e-01
1.406250e-02 6.250000e-03 1.922176e+01 5.555198e-01 8.426280e-01
1.562500e-02 6.250000e-03 1.921596e+01 5.617683e-01 8.548066e-01
1.718750e-02 6.250000e-03 1.920389e+01 5.675930e-01 8.666564e-01
1.875000e-02 6.250000e-03 1.919688e+01 5.737020e-01 8.781895e-01
2.031250e-02 6.250000e-03 1.918273e+01 5.793772e-01 8.894296e-01
2.187500e-02 6.250000e-03 1.917463e+01 5.853249e-01 9.003872e-01
2.343750e-02 6.250000e-03 1.915853e+01 5.908290e-01 9.110841e-01
2.500000e-02 6.250000e-03 1.914948e+01 5.965940e-01 9.215296e-01
2.656250e-02 6.250000e-03 1.913158e+01 6.019058e-01 9.317439e-01
2.812500e-02 6.250000e-03 1.912171e+01 6.074674e-01 9.417353e-01
2.968750e-02 6.250000e-03 1.910217e+01 6.125663e-01 9.515228e-01
3.125000e-02 6.250000e-03 1.909166e+01 6.179040e-01 9.611143e-01
3.281250e-02 6.250000e-03 1.907065e+01 6.227700e-01 9.705280e-01
3.437500e-02 6.250000e-03 1.905968e+01 6.278644e-01 9.797714e-01
3.593750e-02 6.250000e-03 1.903738e+01 6.324782e-01 9.888623e-01
3.750000e-02 6.250000e-03 1.902614e+01 6.373104e-01 9.978084e-01
3.906250e-02 6.250000e-03 1.900275e+01 6.416536e-01 1.006627e+00
4.062500e-02 6.250000e-03 1.899143e+01 6.462057e-01 1.015326e+00
4.218750e-02 6.250000e-03 1.896717e+01 6.502608e-01 1.023922e+00
4.375000e-02 6.250000e-03 1.895597e+01 6.545155e-01 1.032423e+00
4.531250e-02 6.250000e-03 1.893104e+01 6.582718e-01 1.040853e+00
4.687500e-02 6.250000e-03 1.892019e+01 6.619065e-01 1.048953e+00
4.843750e-02 6.250000e-03 1.889495e+01 6.766825e-01 1.070710e+00
5.000000e-02 6.250000e-03 1.886972e+01 6.680494e-01 5.942197e-01
0.000000e+00 7.812500e-03 1.762071e+01 4.984959e-01 7.158305e-01
1.562500e-03 7.812500e-03 1.762069e+01 5.051118e-01 7.312480e-01
3.125000e-03 7.812500e-03 1.762067e+01 5.120802e-01 7.466194e-01
4.687500e-03 7.812500e-03 1.761785e+01 5.186296e-01 7.618828e-01
6.250000e-03 7.812500e-03 1.761640e+01 5.255488e-01 7.769704e-01
7.812500e-03 7.812500e-03 1.761114e+01 5.320383e-01 7.918482e-01
9.375000e-03 7.812500e-03 1.760829e+01 5.388830e-01 8.064788e-01
1.093750e-02 7.812500e-03 1.760064e+01 5.452867e-01 8.208541e-01
1.250000e-02 7.812500e-03 1.759645e+01 5.520315e-01 8.349575e-01
1.406250e-02 7.812500e-03 1.758648e+01 5.583243e-01 8.487956e-01
1.562500e-02 7.812500e-03 1.758103e+01 5.649447e-01 8.623624e-01
1.718750e-02 7.812500e-03 1.756883e+01 5.711026e-01 8.756717e-01
1.875000e-02 7.812500e-03 1.756222e+01 5.775751e-01 8.887228e-01
2.031250e-02 7.812500e-03 1.754791e+01 5.835748e-01 9.015321e-01
2.187500e-02 7.812500e-03 1.754025e+01 5.898765e-01 9.141015e-01
2.343750e-02 7.812500e-03 1.752395e+01 5.956955e-01 9.264484e-01
2.500000e-02 7.812500e-03 1.751538e+01 6.018042e-01 9.385759e-01
2.656250e-02 7.812500e-03 1.749724e+01 6.074203e-01 9.505018e-01
2.812500e-02 7.812500e-03 1.748791e+01 6.133144e-01 9.622298e-01
2.968750e-02 7.812500e-03 1.746808e+01 6.187061e-01 9.737779e-01
3.125000e-02 7.812500e-03 1.745816e+01 6.243645e-01 9.851501e-01
3.281250e-02 7.812500e-03 1.743682e+01 6.295112e-01 9.963645e-01
3.437500e-02 7.812500e-03 1.742649e+01 6.349135e-01 1.007426e+00
3.593750e-02 7.812500e-03 1.740383e+01 6.397952e-01 1.018352e+00
3.750000e-02 7.812500e-03 1.739326e+01 6.449218e-01 1.029148e+00
3.906250e-02 7.812500e-03 1.736948e+01 6.495192e-01 1.039832e+00
4.062500e-02 7.812500e-03 1.735889e+01 6.543514e-01 1.050409e+00
4.218750e-02 7.812500e-03 1.733419e+01 6.586463e-01 1.060899e+00
4.375000e-02 7.812500e-03 1.732377e+01 6.631660e-01 1.071305e+00
4.531250e-02 7.812500e-03 1.729836e+01 6.671515e-01 1.081660e+00
4.687500e-02 7.812500e-03 1.728833e+01 6.709195e-01 1.091480e+00
4.843750e-02 7.812500e-03 1.726261e+01 6.870159e-01 1.120514e+00
5.000000e-02 7.812500e-03 1.723689e+01 6.771723e-01 5.934386e-01
0.000000e+00 9.375000e-03 1.599111e+01 4.978353e-01 7.154628e-01
1.562500e-03 9.375000e-03 1.599126e+01 5.048301e-01 7.308042e-01
3.125000e-03 9.375000e-03 1.599142e+01 5.122015e-01 7.461625e-01
4.687500e-03 9.375000e-03 1.598865e+01 5.191213e-01 7.615057e-01
6.250000e-03 9.375000e-03 1.598741e+01 5.264336e-01 7.767823e-01
7.812500e-03 9.375000e-03 1.598216e+01 5.332843e-01 7.919659e-01
9.375000e-03 9.375000e-03 1.597956e+01 5.405134e-01 8.070166e-01
1.093750e-02 9.375000e-03 1.597189e+01 5.472700e-01 8.219209e-01
1.250000e-02 9.375000e-03 1.596798e+01 5.543910e-01 8.366519e-01
1.406250e-02 9.375000e-03 1.595796e+01 5.610287e-01 8.512076e-01
1.562500e-02 9.375000e-03 1.595283e+01 5.680169e-01 8.655712e-01
1.718750e-02 9.375000e-03 1.594055e+01 5.745110e-01 8.797484e-01
1.875000e-02 9.375000e-03 1.593429e+01 5.813421e-01 8.937290e-01
2.031250e-02 9.375000e-03 1.591986e+01 5.876686e-01 9.075235e-01
2.187500e-02 9.375000e-03 1.591259e+01 5.943190e-01 9.211261e-01
2.343750e-02 9.375000e-03 1.589614e+01 6.004544e-01 9.345500e-01
2.500000e-02 9.375000e-03 1.588800e+01 6.069010e-01 9.477923e-01
2.656250e-02 9.375000e-03 1.586968e+01 6.128225e-01 9.608679e-01
2.812500e-02 9.375000e-03 1.586082e+01 6.190427e-01 9.737759e-01
2.968750e-02 9.375000e-03 1.584078e+01 6.247280e-01 9.865324e-01
3.125000e-02 9.375000e-03 1.583136e+01 6.307000e-01 9.991377e-01
3.281250e-02 9.375000e-03 1.580979e+01 6.361275e-01 1.011609e+00
3.437500e-02 9.375000e-03 1.579998e+01 6.418302e-01 1.023947e+00
3.593750e-02 9.375000e-03 1.577706e+01 6.469791e-01 1.036171e+00
3.750000e-02 9.375000e-03 1.576707e+01 6.523921e-01 1.048282e+00
3.906250e-02 9.375000e-03 1.574299e+01 6.572424e-01 1.060298e+00
4.062500e-02 9.375000e-03 1.573301e+01 6.623461e-01 1.072223e+00
4.218750e-02 9.375000e-03 1.570798e+01 6.668787e-01 1.084075e+00
4.375000e-02 9.375000e-03 1.569821e+01 6.716540e-01 1.095857e+00
4.531250e-02 9.375000e-03 1.567245e+01 6.758674e-01 1.107612e+00
4.687500e-02 9.375000e-03 1.566311e+01 6.797559e-01 1.118561e+00
4.843750e-02 9.375000e-03 1.563703e+01 6.969392e-01 1.154272e+00
5.000000e-02 9.375000e-03 1.561094e+01 6.861005e-01 5.924852e-01
0.000000e+00 1.093750e-02 1.437847e+01 4.970555e-01 7.150286e-01
1.562500e-03 1.093750e-02 1.437879e+01 5.044292e-01 7.302631e-01
3.125000e-03 1.093750e-02 1.437912e+01 5.122005e-01 7.455326e-01
4.687500e-03 1.093750e-02 1.437641e+01 5.194946e-01 7.608227e-01
6.250000e-03 1.093750e-02 1.437537e+01 5.271983e-01 7.760961e-01
7.812500e-03 1.093750e-02 1.437016e+01 5.344143e-01 7.913371e-01
9.375000e-03 1.093750e-02 1.436778e+01 5.420259e-01 8.065113e-01
1.093750e-02 1.093750e-02 1.436012e+01 5.491390e-01 8.216079e-01
1.250000e-02 1.093750e-02 1.435646e+01 5.566335e-01 8.365991e-01
1.406250e-02 1.093750e-02 1.434642e+01 5.636186e-01 8.514807e-01
1.562500e-02 1.093750e-02 1.434157e+01 5.709711e-01 8.662318e-01
1.718750e-02 1.093750e-02 1.432925e+01 5.778032e-01 8.808544e-01
1.875000e-02 1.093750e-02 1.432330e+01 5.849887e-01 8.953332e-01
2.031250e-02 1.093750e-02 1.430880e+01 5.916431e-01 9.096750e-01
2.187500e-02 1.093750e-02 1.430188e+01 5.986374e-01 9.238689e-01
2.343750e-02 1.093750e-02 1.428533e+01 6.050898e-01 9.379250e-01
2.500000e-02 1.093750e-02 1.427757e+01 6.118690e-01 9.518359e-01
2.656250e-02 1.093750e-02 1.425912e+01 6.180958e-01 9.656142e-01
2.812500e-02 1.093750e-02 1.425066e+01 6.246363e-01 9.792550e-01
2.968750e-02 1.093750e-02 1.423048e+01 6.306144e-01 9.927726e-01
3.125000e-02 1.093750e-02 1.422149e+01 6.368938e-01 1.006164e+00
3.281250e-02 1.093750e-02 1.419974e+01 6.426007e-01 1.019445e+00
3.437500e-02 1.093750e-02 1.419040e+01 6.485969e-01 1.032615e+00
3.593750e-02 1.093750e-02 1.416728e+01 6.540110e-01 1.045689e+00
3.750000e-02 1.093750e-02 1.415778e+01 6.597027e-01 1.058669e+00
3.906250e-02 1.093750e-02 1.413349e+01 6.648032e-01 1.071572e+00
4.062500e-02 1.093750e-02 1.412402e+01 6.701701e-01 1.084398e+00
4.218750e-02 1.093750e-02 1.409876e+01 6.749370e-01 1.097167e+00
4.375000e-02 1.093750e-02 1.408953e+01 6.799587e-01 1.109878e+00
4.531250e-02 1.093750e-02 1.406351e+01 6.843974e-01 1.122592e+00
4.687500e-02 1.093750e-02 1.405474e+01 6.883963e-01 1.134172e+00
4.843750e-02 1.093750e-02 1.402839e+01 7.064971e-01 1.175845e+00
5.000000e-02 1.093750e-02 1.400203e+01 6.948195e-01 5.913601e-01
0.000000e+00 1.250000e-02 1.278747e+01 4.961571e-01 7.145279e-01
1.562500e-03 1.250000e-02 1.278796e+01 5.039098e-01 7.296432e-01
3.125000e-03 1.250000e-02 1.278846e+01 5.120776e-01 7.447936e-01
4.687500e-03 1.250000e-02 1.278582e+01 5.197473e-01 7.599735e-01
6.250000e-03 1.250000e-02 1.278497e+01 5.278396e-01 7.751542e-01
7.812500e-03 1.250000e-02 1.277981e+01 5.354229e-01 7.903284e-01
9.375000e-03 1.250000e-02 1.277764e+01 5.434145e-01 8.054678e-01
1.093750e-02 1.250000e-02 1.277000e+01 5.508859e-01 8.205665e-01
1.250000e-02 1.250000e-02 1.276659e+01 5.587512e-01 8.355989e-01
1.406250e-02 1.250000e-02 1.275655e+01 5.660851e-01 8.505629e-01
1.562500e-02 1.250000e-02 1.275196e+01 5.737986e-01 8.654369e-01
1.718750e-02 1.250000e-02 1.273962e+01 5.809694e-01 8.802227e-01
1.875000e-02 1.250000e-02 1.273396e+01 5.885056e-01 8.949030e-01
2.031250e-02 1.250000e-02 1.271942e+01 5.954881e-01 9.094832e-01
2.187500e-02 1.250000e-02 1.271280e+01 6.028219e-01 9.239498e-01
2.343750e-02 1.250000e-02 1.269620e+01 6.095909e-01 9.383115e-01
2.500000e-02 1.250000e-02 1.268876e+01 6.166976e-01 9.525579e-01
2.656250e-02 1.250000e-02 1.267024e+01 6.232286e-01 9.667002e-01
2.812500e-02 1.250000e-02 1.266213e+01 6.300841e-01 9.807306e-01
2.968750e-02 1.250000e-02 1.264185e+01 6.363532e-01 9.946623e-01
3.125000e-02 1.250000e-02 1.263324e+01 6.429337e-01 1.008490e+00
3.281250e-02 1.250000e-02 1.261138e+01 6.489177e-01 1.022228e+00
3.437500e-02 1.250000e-02 1.260243e+01 6.552005e-01 1.035874e+00
3.593750e-02 1.250000e-02 1.257918e+01 6.608768e-01 1.049442e+00
3.750000e-02 1.250000e-02 1.257010e+01 6.668397e-01 1.062931e+00
3.906250e-02 1.250000e-02 1.254564e+01 6.721865e-01 1.076359e+00
4.062500e-02 1.250000e-02 1.253662e+01 6.778083e-01 1.089724e+00
4.218750e-02 1.250000e-02 1.251118e+01 6.828048e-01 1.103045e+00
4.375000e-02 1.250000e-02 1.250243e+01 6.880638e-01 1.116320e+00
4.531250e-02 1.250000e-02 1.247620e+01 6.927233e-01 1.129629e+00
4.687500e-02 1.250000e-02 1.246793e+01 6.968243e-01 1.141429e+00
4.843750e-02 1.250000e-02 1.244136e+01 7.157137e-01 1.188328e+00
5.000000e-02 1.250000e-02 1.241480e+01 7.033151e-01 5.900643e-01
0.000000e+00 1.406250e-02 1.121952e+01 4.951404e-01 7.139608e-01
1.562500e-03 1.406250e-02 1.122019e+01 5.032722e-01 7.289510e-01
3.125000e-03 1.406250e-02 1.122086e+01 5.118333e-01 7.439694e-01
4.687500e-03 1.406250e-02 1.121830e+01 5.198791e-01 7.590144e-01
6.250000e-03 1.406250e-02 1.121763e+01 5.283571e-01 7.740617e-01
7.812500e-03 1.406250e-02 1.121252e+01 5.363083e-01 7.891092e-01
9.375000e-03 1.406250e-02 1.121057e+01 5.446770e-01 8.041329e-01
1.093750e-02 1.406250e-02 1.120296e+01 5.525073e-01 8.191314e-01
1.250000e-02 1.406250e-02 1.119978e+01 5.607404e-01 8.340819e-01
1.406250e-02 1.406250e-02 1.118976e+01 5.684235e-01 8.489851e-01
1.562500e-02 1.406250e-02 1.118541e+01 5.764947e-01 8.638205e-01
1.718750e-02 1.406250e-02 1.117307e+01 5.840042e-01 8.785913e-01
1.875000e-02 1.406250e-02 1.116767e+01 5.918874e-01 8.932800e-01
2.031250e-02 1.406250e-02 1.115312e+01 5.991972e-01 9.078924e-01
2.187500e-02 1.406250e-02 1.114679e+01 6.068663e-01 9.224142e-01
2.343750e-02 1.406250e-02 1.113015e+01 6.139506e-01 9.368534e-01
2.500000e-02 1.406250e-02 1.112301e+01 6.213801e-01 9.511985e-01
2.656250e-02 1.406250e-02 1.110444e+01 6.282134e-01 9.654600e-01
2.812500e-02 1.406250e-02 1.109665e+01 6.353782e-01 9.796286e-01
2.968750e-02 1.406250e-02 1.107631e+01 6.419358e-01 9.937168e-01
3.125000e-02 1.406250e-02 1.106803e+01 6.488114e-01 1.007718e+00
3.281250e-02 1.406250e-02 1.104608e+01 6.550690e-01 1.021645e+00
3.437500e-02 1.406250e-02 1.103750e+01 6.616316e-01 1.035494e+00
3.593750e-02 1.406250e-02 1.101414e+01 6.675657e-01 1.049280e+00
3.750000e-02 1.406250e-02 1.100543e+01 6.737922e-01 1.062999e+00
3.906250e-02 1.406250e-02 1.098086e+01 6.793803e-01 1.076669e+00
4.062500e-02 1.406250e-02 1.097223e+01 6.852485e-01 1.090287e+00
4.218750e-02 1.406250e-02 1.094665e+01 6.904688e-01 1.103870e+00
4.375000e-02 1.406250e-02 1.093831e+01 6.959556e-01 1.117415e+00
4.531250e-02 1.406250e-02 1.091193e+01 7.008302e-01 1.131031e+00
4.687500e-02 1.406250e-02 1.090407e+01 7.050253e-01 1.142725e+00
4.843750e-02 1.406250e-02 1.087735e+01 7.246018e-01 1.194141e+00
5.000000e-02 1.406250e-02 1.085062e+01 7.115735e-01 5.885987e-01
0.000000e+00 1.562500e-02 9.674908e+00 4.940063e-01 7.133275e-01
1.562500e-03 1.562500e-02 9.675752e+00 5.025172e-01 7.281890e-01
3.125000e-03 1.562500e-02 9.676595e+00 5.114687e-01 7.430691e-01
4.687500e-03 1.562500e-02 9.674106e+00 5.198904e-01 7.579679e-01
6.250000e-03 1.562500e-02 9.673630e+00 5.287512e-01 7.728631e-01
7.812500e-03 1.562500e-02 9.668581e+00 5.370702e-01 7.877554e-01
9.375000e-03 1.562500e-02 9.666827e+00 5.458131e-01 8.026235e-01
1.093750e-02 1.562500e-02 9.659273e+00 5.540021e-01 8.174687e-01
1.250000e-02 1.562500e-02 9.656300e+00 5.626001e-01 8.322708e-01
1.406250e-02 1.562500e-02 9.646314e+00 5.706318e-01 8.470326e-01
1.562500e-02 1.562500e-02 9.642202e+00 5.790575e-01 8.617355e-01
1.718750e-02 1.562500e-02 9.629879e+00 5.869049e-01 8.763841e-01
1.875000e-02 1.562500e-02 9.624726e+00 5.951312e-01 8.909619e-01
2.031250e-02 1.562500e-02 9.610178e+00 6.027671e-01 9.054754e-01
2.187500e-02 1.562500e-02 9.604103e+00 6.107672e-01 9.199104e-01
2.343750e-02 1.562500e-02 9.587458e+00 6.181648e-01 9.342754e-01
2.500000e-02 1.562500e-02 9.580594e+00 6.259122e-01 9.485585e-01
2.656250e-02 1.562500e-02 9.561999e+00 6.330452e-01 9.627701e-01
2.812500e-02 1.562500e-02 9.554498e+00 6.405137e-01 9.769004e-01
2.968750e-02 1.562500e-02 9.534114e+00 6.473564e-01 9.909615e-01
3.125000e-02 1.562500e-02 9.526139e+00 6.545206e-01 1.004946e+00
3.281250e-02 1.562500e-02 9.504140e+00 6.610476e-01 1.018867e+00
3.437500e-02 1.562500e-02 9.495869e+00 6.678828e-01 1.032718e+00
3.593750e-02 1.562500e-02 9.472443e+00 6.740698e-01 1.046516e+00
3.750000e-02 1.562500e-02 9.464065e+00 6.805518e-01 1.060255e+00
3.906250e-02 1.562500e-02 9.439408e+00 6.863750e-01 1.073952e+00
4.062500e-02 1.562500e-02 9.431120e+00 6.924808e-01 1.087603e+00
4.218750e-02 1.562500e-02 9.405437e+00 6.979177e-01 1.101227e+00
4.375000e-02 1.562500e-02 9.397445e+00 7.036221e-01 1.114815e+00
4.531250e-02 1.562500e-02 9.370949e+00 7.087047e-01 1.128512e+00
4.687500e-02 1.562500e-02 9.363460e+00 7.129861e-01 1.139849e+00
4.843750e-02 1.562500e-02 9.336606e+00 7.331671e-01 1.195135e+00
5.000000e-02 1.562500e-02 9.309752e+00 7.195809e-01 5.869643e-01
0.000000e+00 1.718750e-02 8.153083e+00 4.927552e-01 7.126282e-01
1.562500e-03 1.718750e-02 8.154101e+00 5.016455e-01 7.273582e-01
3.125000e-03 1.718750e-02 8.155118e+00 5.109848e-01 7.420962e-01
4.687500e-03 1.718750e-02 8.152711e+00 5.197821e-01 7.568429e-01
6.250000e-03 1.718750e-02 8.152420e+00 5.290231e-01 7.715769e-01
7.812500e-03 1.718750e-02 8.147441e+00 5.377093e-01 7.863003e-01
9.375000e-03 1.718750e-02 8.145882e+00 5.468238e-01 8.009929e-01
1.093750e-02 1.718750e-02 8.138386e+00 5.553707e-01 8.156580e-01
1.250000e-02 1.718750e-02 8.135619e+00 5.643305e-01 8.302768e-01
1.406250e-02 1.718750e-02 8.125680e+00 5.727099e-01 8.448537e-01
1.562500e-02 1.718750e-02 8.121785e+00 5.814868e-01 8.593716e-01
1.718750e-02 1.718750e-02 8.109497e+00 5.896704e-01 8.738362e-01
1.875000e-02 1.718750e-02 8.104573e+00 5.982362e-01 8.882321e-01
2.031250e-02 1.718750e-02 8.090047e+00 6.061961e-01 9.025668e-01
2.187500e-02 1.718750e-02 8.084212e+00 6.145229e-01 9.168266e-01
2.343750e-02 1.718750e-02 8.067577e+00 6.222312e-01 9.310205e-01
2.500000e-02 1.718750e-02 8.060965e+00 6.302914e-01 9.451370e-01
2.656250e-02 1.718750e-02 8.042366e+00 6.377207e-01 9.591866e-01
2.812500e-02 1.718750e-02 8.035127e+00 6.454872e-01 9.731595e-01
2.968750e-02 1.718750e-02 8.014726e+00 6.526106e-01 9.870678e-01
3.125000e-02 1.718750e-02 8.007024e+00 6.600570e-01 1.000904e+00
3.281250e-02 1.718750e-02 7.984995e+00 6.668483e-01 1.014680e+00
3.437500e-02 1.718750e-02 7.977006e+00 6.739486e-01 1.028392e+00
3.593750e-02 1.718750e-02 7.953535e+00 6.803822e-01 1.042053e+00
3.750000e-02 1.718750e-02 7.945448e+00 6.871113e-01 1.055658e+00
3.906250e-02 1.718750e-02 7.920731e+00 6.931626e-01 1.069224e+00
4.062500e-02 1.718750e-02 7.912744e+00 6.994962e-01 1.082747e+00
4.218750e-02 1.718750e-02 7.886984e+00 7.051416e-01 1.096245e+00
4.375000e-02 1.718750e-02 7.879302e+00 7.110529e-01 1.109706e+00
4.531250e-02 1.718750e-02 7.852713e+00 7.163349e-01 1.123315e+00
4.687500e-02 1.718750e-02 7.845540e+00 7.206946e-01 1.134107e+00
4.843750e-02 1.718750e-02 7.818583e+00 7.414108e-01 1.192690e+00
5.000000e-02 1.718750e-02 7.791625e+00 7.273240e-01 5.851626e-01
0.000000e+00 1.875000e-02 6.653730e+00 4.913881e-01 7.118630e-01
1.562500e-03 1.875000e-02 6.654922e+00 5.006578e-01 7.264588e-01
3.125000e-03 1.875000e-02 6.656115e+00 5.103829e-01 7.410519e-01
4.687500e-03 1.875000e-02 6.653793e+00 5.195551e-01 7.556429e-01
6.250000e-03 1.875000e-02 6.653685e+00 5.291739e-01 7.702108e-01
7.812500e-03 1.875000e-02 6.648782e+00 5.382266e-01 7.847581e-01
9.375000e-03 1.875000e-02 6.647414e+00 5.477100e-01 7.992654e-01
1.093750e-02 1.875000e-02 6.639985e+00 5.566139e-01 8.137366e-01
1.250000e-02 1.875000e-02 6.637417e+00 5.659326e-01 8.281540e-01
1.406250e-02 1.875000e-02 6.627535e+00 5.746582e-01 8.425229e-01
1.562500e-02 1.875000e-02 6.623848e+00 5.837829e-01 8.568270e-01
1.718750e-02 1.875000e-02 6.611606e+00 5.923010e-01 8.710730e-01
1.875000e-02 1.875000e-02 6.606899e+00 6.012023e-01 8.852465e-01
2.031250e-02 1.875000e-02 6.592408e+00 6.094837e-01 8.993554e-01
2.187500e-02 1.875000e-02 6.586798e+00 6.181327e-01 9.133868e-01
2.343750e-02 1.875000e-02 6.570186e+00 6.261484e-01 9.273503e-01
2.500000e-02 1.875000e-02 6.563807e+00 6.345163e-01 9.412345e-01
2.656250e-02 1.875000e-02 6.545221e+00 6.422378e-01 9.550506e-01
2.812500e-02 1.875000e-02 6.538223e+00 6.502963e-01 9.687888e-01
2.968750e-02 1.875000e-02 6.517822e+00 6.576956e-01 9.824614e-01
3.125000e-02 1.875000e-02 6.510367e+00 6.654170e-01 9.960605e-01
3.281250e-02 1.875000e-02 6.488325e+00 6.724667e-01 1.009600e+00
3.437500e-02 1.875000e-02 6.480591e+00 6.798240e-01 1.023072e+00
3.593750e-02 1.875000e-02 6.457092e+00 6.864974e-01 1.036493e+00
3.750000e-02 1.875000e-02 6.449267e+00 6.934644e-01 1.049858e+00
3.906250e-02 1.875000e-02 6.424507e+00 6.997357e-01 1.063181e+00
4.062500e-02 1.875000e-02 6.416786e+00 7.062870e-01 1.076459e+00
4.218750e-02 1.875000e-02 6.390969e+00 7.121317e-01 1.089711e+00
4.375000e-02 1.875000e-02 6.383558e+00 7.182383e-01 1.102920e+00
4.531250e-02 1.875000e-02 6.356894e+00 7.237098e-01 1.116317e+00
4.687500e-02 1.875000e-02 6.349996e+00 7.281391e-01 1.126432e+00
4.843750e-02 1.875000e-02 6.322952e+00 7.493308e-01 1.187805e+00
5.000000e-02 1.875000e-02 6.295909e+00 7.347895e-01 5.831948e-01
0.000000e+00 2.031250e-02 5.176626e+00 4.899056e-01 7.110322e-01
1.562500e-03 2.031250e-02 5.177993e+00 4.995549e-01 7.254914e-01
3.125000e-03 2.031250e-02 5.179361e+00 5.096639e-01 7.399368e-01
4.687500e-03 2.031250e-02 5.177130e+00 5.192105e-01 7.543694e-01
6.250000e-03 2.031250e-02 5.177203e+00 5.292050e-01 7.687678e-01
7.812500e-03 2.031250e-02 5.172383e+00 5.386232e-01 7.831348e-01
9.375000e-03 2.031250e-02 5.171202e+00 5.484731e-01 7.974513e-01
1.093750e-02 2.031250e-02 5.163846e+00 5.577326e-01 8.117214e-01
1.250000e-02 2.031250e-02 5.161473e+00 5.674074e-01 8.259278e-01
1.406250e-02 2.031250e-02 5.151655e+00 5.764776e-01 8.400763e-01
1.562500e-02 2.031250e-02 5.148169e+00 5.859467e-01 8.541513e-01
1.718750e-02 2.031250e-02 5.135981e+00 5.947970e-01 8.681599e-01
1.875000e-02 2.031250e-02 5.131481e+00 6.040299e-01 8.820880e-01
2.031250e-02 2.031250e-02 5.117036e+00 6.126299e-01 8.959443e-01
2.187500e-02 2.031250e-02 5.111638e+00 6.215963e-01 9.097164e-01
2.343750e-02 2.031250e-02 5.095062e+00 6.299158e-01 9.234140e-01
2.500000e-02 2.031250e-02 5.088901e+00 6.385858e-01 9.370264e-01
2.656250e-02 2.031250e-02 5.070340e+00 6.465950e-01 9.505647e-01
2.812500e-02 2.031250e-02 5.063564e+00 6.549389e-01 9.640196e-01
2.968750e-02 2.031250e-02 5.043175e+00 6.626085e-01 9.774036e-01
3.125000e-02 2.031250e-02 5.035948e+00 6.705976e-01 9.907088e-01
3.281250e-02 2.031250e-02 5.013906e+00 6.778990e-01 1.003949e+00
3.437500e-02 2.031250e-02 5.006402e+00 6.855048e-01 1.017117e+00
3.593750e-02 2.031250e-02 4.982890e+00 6.924102e-01 1.030229e+00
3.750000e-02 2.031250e-02 4.975298e+00 6.996054e-01 1.043278e+00
3.906250e-02 2.031250e-02 4.950510e+00 7.060877e-01 1.056282e+00
4.062500e-02 2.031250e-02 4.943025e+00 7.128458e-01 1.069235e+00
4.218750e-02 2.031250e-02 4.917164e+00 7.188794e-01 1.082155e+00
4.375000e-02 2.031250e-02 4.909989e+00 7.251689e-01 1.095024e+00
4.531250e-02 2.031250e-02 4.883265e+00 7.308188e-01 1.108119e+00
4.687500e-02 2.031250e-02 4.876602e+00 7.353086e-01 1.117466e+00
4.843750e-02 2.031250e-02 4.849486e+00 7.569226e-01 1.181192e+00
5.000000e-02 2.031250e-02 4.822369e+00 7.419648e-01 5.810624e-01
0.000000e+00 2.187500e-02 3.721943e+00 4.883088e-01 7.101359e-01
1.562500e-03 2.187500e-02 3.723488e+00 4.983378e-01 7.244559e-01
3.125000e-03 2.187500e-02 3.725032e+00 5.088288e-01 7.387513e-01
4.687500e-03 2.187500e-02 3.722895e+00 5.187491e-01 7.530228e-01
6.250000e-03 2.187500e-02 3.723149e+00 5.291173e-01 7.672492e-01
7.812500e-03 2.187500e-02 3.718416e+00 5.389002e-01 7.814330e-01
9.375000e-03 2.187500e-02 3.717420e+00 5.491141e-01 7.955551e-01
1.093750e-02 2.187500e-02 3.710144e+00 5.587279e-01 8.096197e-01
1.250000e-02 2.187500e-02 3.707960e+00 5.687559e-01 8.236098e-01
1.406250e-02 2.187500e-02 3.698214e+00 5.781687e-01 8.375313e-01
1.562500e-02 2.187500e-02 3.694921e+00 5.879789e-01 8.513686e-01
1.718750e-02 2.187500e-02 3.682798e+00 5.971588e-01 8.651293e-01
1.875000e-02 2.187500e-02 3.678495e+00 6.067193e-01 8.787996e-01
2.031250e-02 2.187500e-02 3.664105e+00 6.156346e-01 8.923882e-01
2.187500e-02 2.187500e-02 3.658908e+00 6.249136e-01 9.058831e-01
2.343750e-02 2.187500e-02 3.642378e+00 6.335327e-01 9.192943e-01
2.500000e-02 2.187500e-02 3.636421e+00 6.424990e-01 9.326112e-01
2.656250e-02 2.187500e-02 3.617895e+00 6.507907e-01 9.458452e-01
2.812500e-02 2.187500e-02 3.611325e+00 6.594133e-01 9.589871e-01
2.968750e-02 2.187500e-02 3.590960e+00 6.673471e-01 9.720495e-01
3.125000e-02 2.187500e-02 3.583941e+00 6.755958e-01 9.850247e-01
3.281250e-02 2.187500e-02 3.561910e+00 6.831417e-01 9.979262e-01
3.437500e-02 2.187500e-02 3.554615e+00 6.909869e-01 1.010748e+00
3.593750e-02 2.187500e-02 3.531101e+00 6.981157e-01 1.023504e+00
3.750000e-02 2.187500e-02 3.523717e+00 7.055288e-01 1.036190e+00
3.906250e-02 2.187500e-02 3.498912e+00 7.122122e-01 1.048821e+00
4.062500e-02 2.187500e-02 3.491635e+00 7.191653e-01 1.061393e+00
4.218750e-02 2.187500e-02 3.465741e+00 7.253766e-01 1.073924e+00
4.375000e-02 2.187500e-02 3.458771e+00 7.318360e-01 1.086390e+00
4.531250e-02 2.187500e-02 3.431996e+00 7.376518e-01 1.099123e+00
4.687500e-02 2.187500e-02 3.425535e+00 7.421921e-01 1.107642e+00
4.843750e-02 2.187500e-02 3.398353e+00 7.641796e-01 1.173334e+00
5.000000e-02 2.187500e-02 3.371170e+00 7.488373e-01 5.787670e-01
0.000000e+00 2.343750e-02 2.290208e+00 4.865986e-01 7.091745e-01
1.562500e-03 2.343750e-02 2.291930e+00 4.970073e-01 7.233526e-01
3.125000e-03 2.343750e-02 2.293651e+00 5.078786e-01 7.374955e-01
4.687500e-03 2.343750e-02 2.291613e+00 5.181719e-01 7.516036e-01
6.250000e-03 2.343750e-02 2.292047e+00 5.289118e-01 7.656555e-01
7.812500e-03 2.343750e-02 2.287406e+00 5.390583e-01 7.796535e-01
9.375000e-03 2.343750e-02 2.286593e+00 5.496340e-01 7.935786e-01
1.093750e-02 2.343750e-02 2.279404e+00 5.596006e-01 8.074349e-01
1.250000e-02 2.343750e-02 2.277404e+00 5.699790e-01 8.212053e-01
1.406250e-02 2.343750e-02 2.267738e+00 5.797324e-01 8.348955e-01
1.562500e-02 2.343750e-02 2.264632e+00 5.898801e-01 8.484904e-01
1.718750e-02 2.343750e-02 2.252581e+00 5.993869e-01 8.619972e-01
1.875000e-02 2.343750e-02 2.248467e+00 6.092706e-01 8.754024e-01
2.031250e-02 2.343750e-02 2.234140e+00 6.184976e-01 8.887146e-01
2.187500e-02 2.343750e-02 2.229134e+00 6.280841e-01 9.019221e-01
2.343750e-02 2.343750e-02 2.212659e+00 6.369983e-01 9.150348e-01
2.500000e-02 2.343750e-02 2.206893e+00 6.462548e-01 9.280424e-01
2.656250e-02 2.343750e-02 2.188410e+00 6.548235e-01 9.409560e-01
2.812500e-02 2.343750e-02 2.182032e+00 6.637176e-01 9.537668e-01
2.968750e-02 2.343750e-02 2.161701e+00 6.719088e-01 9.664871e-01
3.125000e-02 2.343750e-02 2.154872e+00 6.804089e-01 9.791096e-01
3.281250e-02 2.343750e-02 2.132861e+00 6.881911e-01 9.916474e-01
3.437500e-02 2.343750e-02 2.125755e+00 6.962662e-01 1.004095e+00
3.593750e-02 2.343750e-02 2.102247e+00 7.036090e-01 1.016465e+00
3.750000e-02 2.343750e-02 2.095050e+00 7.112290e-01 1.028755e+00
3.906250e-02 2.343750e-02 2.070236e+00 7.181027e-01 1.040979e+00
4.062500e-02 2.343750e-02 2.063140e+00 7.252385e-01 1.053132e+00
4.218750e-02 2.343750e-02 2.037221e+00 7.316154e-01 1.065234e+00
4.375000e-02 2.343750e-02 2.030428e+00 7.382304e-01 1.077255e+00
4.531250e-02 2.343750e-02 2.003610e+00 7.441987e-01 1.089582e+00
4.687500e-02 2.343750e-02 1.997318e+00 7.487791e-01 1.097241e+00
4.843750e-02 2.343750e-02 1.970076e+00 7.710935e-01 1.164553e+00
5.000000e-02 2.343750e-02 1.942833e+00 7.553949e-01 5.763104e-01
0.000000e+00 2.500000e-02 8.824350e-01 4.847759e-01 7.081481e-01
1.562500e-03 2.500000e-02 8.843355e-01 4.955643e-01 7.221818e-01
3.125000e-03 2.500000e-02 8.862361e-01 5.068143e-01 7.361696e-01
4.687500e-03 2.500000e-02 8.843005e-01 5.174798e-01 7.501118e-01
6.250000e-03 2.500000e-02 8.849141e-01 5.285896e-01 7.639868e-01
7.812500e-03 2.500000e-02 8.803708e-01 5.390985e-01 7.777968e-01
9.375000e-03 2.500000e-02 8.797385e-01 5.500336e-01 7.915226e-01
1.093750e-02 2.500000e-02 8.726404e-01 5.603513e-01 8.051681e-01
1.250000e-02 2.500000e-02 8.708227e-01 5.710772e-01 8.187162e-01
1.406250e-02 2.500000e-02 8.612418e-01 5.811689e-01 8.321724e-01
1.562500e-02 2.500000e-02 8.583184e-01 5.916505e-01 8.455214e-01
1.718750e-02 2.500000e-02 8.463455e-01 6.014812e-01 8.587704e-01
1.875000e-02 2.500000e-02 8.424140e-01 6.116838e-01 8.719060e-01
2.031250e-02 2.500000e-02 8.281578e-01 6.212186e-01 8.849365e-01
2.187500e-02 2.500000e-02 8.233334e-01 6.311073e-01 8.978502e-01
2.343750e-02 2.500000e-02 8.069196e-01 6.403116e-01 9.106569e-01
2.500000e-02 2.500000e-02 8.013338e-01 6.498520e-01 9.233464e-01
2.656250e-02 2.500000e-02 7.829036e-01 6.586916e-01 9.359295e-01
2.812500e-02 2.500000e-02 7.767033e-01 6.678497e-01 9.483976e-01
2.968750e-02 2.500000e-02 7.564125e-01 6.762910e-01 9.607628e-01
3.125000e-02 2.500000e-02 7.497580e-01 6.850336e-01 9.730176e-01
3.281250e-02 2.500000e-02 7.277756e-01 6.930436e-01 9.851752e-01
3.437500e-02 2.500000e-02 7.208398e-01 7.013383e-01 9.972297e-01
3.593750e-02 2.500000e-02 6.973461e-01 7.088851e-01 1.009195e+00
3.750000e-02 2.500000e-02 6.903125e-01 7.167003e-01 1.021066e+00
3.906250e-02 2.500000e-02 6.654977e-01 7.237529e-01 1.032858e+00
4.062500e-02 2.500000e-02 6.585587e-01 7.310582e-01 1.044567e+00
4.218750e-02 2.500000e-02 6.326212e-01 7.375875e-01 1.056212e+00
4.375000e-02 2.500000e-02 6.259764e-01 7.443435e-01 1.067756e+00
4.531250e-02 2.500000e-02 5.991212e-01 7.504495e-01 1.079646e+00
4.687500e-02 2.500000e-02 5.929679e-01 7.550591e-01 1.086428e+00
4.843750e-02 2.500000e-02 5.656693e-01 7.776548e-01 1.155043e+00
5.000000e-02 2.500000e-02 5.383707e-01 7.616260e-01 5.736945e-01
0.000000e+00 2.656250e-02 -4.999430e-01 4.828420e-01 7.070571e-01
1.562500e-03 2.656250e-02 -4.978622e-01 4.940097e-01 7.209435e-01
3.125000e-03 2.656250e-02 -4.957814e-01 5.056367e-01 7.347737e-01
4.687500e-03 2.656250e-02 -4.976103e-01 5.166737e-01 7.485475e-01
6.250000e-03 2.656250e-02 -4.968170e-01 5.281512e-01 7.622433e-01
7.812500e-03 2.656250e-02 -5.012579e-01 5.390213e-01 7.758630e-01
9.375000e-03 2.656250e-02 -5.017111e-01 5.503134e-01 7.893872e-01
1.093750e-02 2.656250e-02 -5.087118e-01 5.609805e-01 8.028197e-01
1.250000e-02 2.656250e-02 -5.103512e-01 5.720509e-01 8.161430e-01
1.406250e-02 2.656250e-02 -5.198401e-01 5.824784e-01 8.293626e-01
1.562500e-02 2.656250e-02 -5.225866e-01 5.932904e-01 8.424631e-01
1.718750e-02 2.656250e-02 -5.344739e-01 6.034417e-01 8.554513e-01
1.875000e-02 2.656250e-02 -5.382303e-01 6.139585e-01 8.683137e-01
2.031250e-02 2.656250e-02 -5.524082e-01 6.237970e-01 8.810583e-01
2.187500e-02 2.656250e-02 -5.570602e-01 6.339822e-01 8.936735e-01
2.343750e-02 2.656250e-02 -5.734043e-01 6.434714e-01 9.061685e-01
2.500000e-02 2.656250e-02 -5.788212e-01 6.532888e-01 9.185334e-01
2.656250e-02 2.656250e-02 -5.971915e-01 6.623930e-01 9.307785e-01
2.812500e-02 2.656250e-02 -6.032276e-01 6.718070e-01 9.428953e-01
2.968750e-02 2.656250e-02 -6.234698e-01 6.804907e-01 9.548953e-01
3.125000e-02 2.656250e-02 -6.299658e-01 6.894664e-01 9.667715e-01
3.281250e-02 2.656250e-02 -6.519124e-01 6.976951e-01 9.785363e-01
3.437500e-02 2.656250e-02 -6.586969e-01 7.061985e-01 9.901840e-01
3.593750e-02 2.656250e-02 -6.821692e-01 7.139387e-01 1.001728e+00
3.750000e-02 2.656250e-02 -6.890600e-01 7.219367e-01 1.013164e+00
3.906250e-02 2.656250e-02 -7.138696e-01 7.291560e-01 1.024506e+00
4.062500e-02 2.656250e-02 -7.206756e-01 7.366168e-01 1.035750e+00
4.218750e-02 2.656250e-02 -7.466259e-01 7.432848e-01 1.046915e+00
4.375000e-02 2.656250e-02 -7.531493e-01 7.501662e-01 1.057959e+00
4.531250e-02 2.656250e-02 -7.800368e-01 7.563942e-01 1.069385e+00
4.687500e-02 2.656250e-02 -7.860822e-01 7.610215e-01 1.075286e+00
4.843750e-02 2.656250e-02 -8.134339e-01 7.838524e-01 1.144902e+00
5.000000e-02 2.656250e-02 -8.407856e-01 7.675192e-01 5.709212e-01
0.000000e+00 2.812500e-02 -1.855137e+00 4.807979e-01 7.059018e-01
1.562500e-03 2.812500e-02 -1.852874e+00 4.923447e-01 7.196382e-01
3.125000e-03 2.812500e-02 -1.850611e+00 5.043469e-01 7.333081e-01
4.687500e-03 2.812500e-02 -1.852329e+00 5.157542e-01 7.469109e-01
6.250000e-03 2.812500e-02 -1.851356e+00 5.275974e-01 7.604250e-01
7.812500e-03 2.812500e-02 -1.855689e+00 5.388273e-01 7.738520e-01
9.375000e-03 2.812500e-02 -1.855965e+00 5.504739e-01 7.871723e-01
1.093750e-02 2.812500e-02 -1.862862e+00 5.614885e-01 8.003892e-01
1.250000e-02 2.812500e-02 -1.864327e+00 5.729001e-01 8.134854e-01
1.406250e-02 2.812500e-02 -1.873717e+00 5.836610e-01 8.264657e-01
1.562500e-02 2.812500e-02 -1.876292e+00 5.947992e-01 8.393148e-01
1.718750e-02 2.812500e-02 -1.888086e+00 6.052677e-01 8.520387e-01
1.875000e-02 2.812500e-02 -1.891674e+00 6.160939e-01 8.646241e-01
2.031250e-02 2.812500e-02 -1.905767e+00 6.262316e-01 8.770785e-01
2.187500e-02 2.812500e-02 -1.910255e+00 6.367073e-01 8.893901e-01
2.343750e-02 2.812500e-02 -1.926522e+00 6.464759e-01 9.015678e-01
2.500000e-02 2.812500e-02 -1.931781e+00 6.565632e-01 9.136014e-01
2.656250e-02 2.812500e-02 -1.950084e+00 6.659250e-01 9.255009e-01
2.812500e-02 2.812500e-02 -1.955969e+00 6.755865e-01 9.372578e-01
2.968750e-02 2.812500e-02 -1.976155e+00 6.845043e-01 9.488831e-01
3.125000e-02 2.812500e-02 -1.982508e+00 6.937033e-01 9.603697e-01
3.281250e-02 2.812500e-02 -2.004412e+00 7.021410e-01 9.717296e-01
3.437500e-02 2.812500e-02 -2.011064e+00 7.108417e-01 9.829572e-01
3.593750e-02 2.812500e-02 -2.034507e+00 7.187641e-01 9.940653e-01
3.750000e-02 2.812500e-02 -2.041277e+00 7.269320e-01 1.005050e+00
3.906250e-02 2.812500e-02 -2.066074e+00 7.343050e-01 1.015924e+00
4.062500e-02 2.812500e-02 -2.072772e+00 7.419067e-01 1.026684e+00
4.218750e-02 2.812500e-02 -2.098729e+00 7.486988e-01 1.037349e+00
4.375000e-02 2.812500e-02 -2.105159e+00 7.556891e-01 1.047871e+00
4.531250e-02 2.812500e-02 -2.132073e+00 7.620225e-01 1.058809e+00
4.687500e-02 2.812500e-02 -2.138042e+00 7.666558e-01 1.063831e+00
4.843750e-02 2.812500e-02 -2.165444e+00 7.896738e-01 1.134149e+00
5.000000e-02 2.812500e-02 -2.192845e+00 7.730637e-01 5.679925e-01
0.000000e+00 2.968750e-02 -3.180591e+00 4.786449e-01 7.046823e-01
1.562500e-03 2.968750e-02 -3.178144e+00 4.905702e-01 7.182659e-01
3.125000e-03 2.968750e-02 -3.175698e+00 5.029456e-01 7.317727e-01
4.687500e-03 2.968750e-02 -3.177300e+00 5.147220e-01 7.452019e-01
6.250000e-03 2.968750e-02 -3.176147e+00 5.269287e-01 7.585318e-01
7.812500e-03 2.968750e-02 -3.180367e+00 5.385169e-01 7.717634e-01
9.375000e-03 2.968750e-02 -3.180467e+00 5.505151e-01 7.848772e-01
1.093750e-02 2.968750e-02 -3.187254e+00 5.618751e-01 7.978757e-01
1.250000e-02 2.968750e-02 -3.188547e+00 5.736246e-01 8.107417e-01
1.406250e-02 2.968750e-02 -3.197832e+00 5.847159e-01 8.234792e-01
1.562500e-02 2.968750e-02 -3.200240e+00 5.961762e-01 8.360727e-01
1.718750e-02 2.968750e-02 -3.211934e+00 6.069582e-01 8.485279e-01
1.875000e-02 2.968750e-02 -3.215361e+00 6.180885e-01 8.608311e-01
2.031250e-02 2.968750e-02 -3.229359e+00 6.285207e-01 8.729892e-01
2.187500e-02 2.968750e-02 -3.233694e+00 6.392807e-01 8.849903e-01
2.343750e-02 2.968750e-02 -3.249875e+00 6.493227e-01 8.968427e-01
2.500000e-02 2.968750e-02 -3.254988e+00 6.596724e-01 9.085361e-01
2.656250e-02 2.968750e-02 -3.273214e+00 6.692846e-01 9.200800e-01
2.812500e-02 2.968750e-02 -3.278964e+00 6.791846e-01 9.314657e-01
2.968750e-02 2.968750e-02 -3.299084e+00 6.883280e-01 9.427037e-01
3.125000e-02 2.968750e-02 -3.305313e+00 6.977397e-01 9.537870e-01
3.281250e-02 2.968750e-02 -3.327164e+00 7.063762e-01 9.647270e-01
3.437500e-02 2.968750e-02 -3.333703e+00 7.152622e-01 9.755181e-01
3.593750e-02 2.968750e-02 -3.357110e+00 7.233549e-01 9.861725e-01
3.750000e-02 2.968750e-02 -3.363781e+00 7.316790e-01 9.966860e-01
3.906250e-02 2.968750e-02 -3.388559e+00 7.391923e-01 1.007072e+00
4.062500e-02 2.968750e-02 -3.395174e+00 7.469194e-01 1.017326e+00
4.218750e-02 2.968750e-02 -3.421131e+00 7.538205e-01 1.027467e+00
4.375000e-02 2.968750e-02 -3.427496e+00 7.609026e-01 1.037442e+00
4.531250e-02 2.968750e-02 -3.454431e+00 7.673238e-01 1.047864e+00
4.687500e-02 2.968750e-02 -3.460355e+00 7.719514e-01 1.052010e+00
4.843750e-02 2.968750e-02 -3.487803e+00 7.951049e-01 1.122722e+00
5.000000e-02 2.968750e-02 -3.515250e+00 7.782489e-01 5.649108e-01
0.000000e+00 3.125000e-02 -4.472960e+00 4.763843e-01 7.033992e-01
1.562500e-03 3.125000e-02 -4.470328e+00 4.886873e-01 7.168269e-01
3.125000e-03 3.125000e-02 -4.467696e+00 5.014335e-01 7.301679e-01
4.687500e-03 3.125000e-02 -4.469177e+00 5.135779e-01 7.434207e-01
6.250000e-03 3.125000e-02 -4.467844e+00 5.261452e-01 7.565634e-01
7.812500e-03 3.125000e-02 -4.471945e+00 5.380901e-01 7.695966e-01
9.375000e-03 3.125000e-02 -4.471871e+00 5.504368e-01 7.825004e-01
1.093750e-02 3.125000e-02 -4.478541e+00 5.621399e-01 7.952767e-01
1.250000e-02 3.125000e-02 -4.479666e+00 5.742235e-01 8.079079e-01
1.406250e-02 3.125000e-02 -4.488837e+00 5.856422e-01 8.203974e-01
1.562500e-02 3.125000e-02 -4.491084e+00 5.974199e-01 8.327292e-01
1.718750e-02 3.125000e-02 -4.502669e+00 6.085115e-01 8.449084e-01
1.875000e-02 3.125000e-02 -4.505944e+00 6.199404e-01 8.569208e-01
2.031250e-02 3.125000e-02 -4.519839e+00 6.306620e-01 8.687729e-01
2.187500e-02 3.125000e-02 -4.524030e+00 6.416995e-01 8.804524e-01
2.343750e-02 3.125000e-02 -4.540115e+00 6.520087e-01 8.919669e-01
2.500000e-02 3.125000e-02 -4.545096e+00 6.626127e-01 9.033061e-01
2.656250e-02 3.125000e-02 -4.563235e+00 6.724677e-01 9.144788e-01
2.812500e-02 3.125000e-02 -4.568864e+00 6.825968e-01 9.254763e-01
2.968750e-02 3.125000e-02 -4.588909e+00 6.919566e-01 9.363084e-01
3.125000e-02 3.125000e-02 -4.595031e+00 7.015701e-01 9.469682e-01
3.281250e-02 3.125000e-02 -4.616820e+00 7.103947e-01 9.574665e-01
3.437500e-02 3.125000e-02 -4.623268e+00 7.194534e-01 9.677978e-01
3.593750e-02 3.125000e-02 -4.646628e+00 7.277041e-01 9.779736e-01
3.750000e-02 3.125000e-02 -4.653225e+00 7.361700e-01 9.879900e-01
3.906250e-02 3.125000e-02 -4.677974e+00 7.438094e-01 9.978593e-01
4.062500e-02 3.125000e-02 -4.684535e+00 7.516460e-01 1.007578e+00
4.218750e-02 3.125000e-02 -4.710482e+00 7.586401e-01 1.017165e+00
4.375000e-02 3.125000e-02 -4.716814e+00 7.657963e-01 1.026560e+00
4.531250e-02 3.125000e-02 -4.743762e+00 7.722868e-01 1.036429e+00
4.687500e-02 3.125000e-02 -4.749677e+00 7.768972e-01 1.039702e+00
4.843750e-02 3.125000e-02 -4.777163e+00 8.001288e-01 1.110471e+00
5.000000e-02 3.125000e-02 -4.804650e+00 7.830648e-01 5.616784e-01
0.000000e+00 3.281250e-02 -5.727265e+00 4.740174e-01 7.020527e-01
1.562500e-03 3.281250e-02 -5.724446e+00 4.866972e-01 7.153215e-01
3.125000e-03 3.281250e-02 -5.721626e+00 4.998113e-01 7.284936e-01
4.687500e-03 3.281250e-02 -5.722981e+00 5.123220e-01 7.415667e-01
6.250000e-03 3.281250e-02 -5.721468e+00 5.252469e-01 7.545189e-01
7.812500e-03 3.281250e-02 -5.725442e+00 5.375463e-01 7.673495e-01
9.375000e-03 3.281250e-02 -5.725196e+00 5.502379e-01 7.800385e-01
1.093750e-02 3.281250e-02 -5.731740e+00 5.622816e-01 7.925866e-01
1.250000e-02 3.281250e-02 -5.732702e+00 5.746950e-01 8.049757e-01
1.406250e-02 3.281250e-02 -5.741750e+00 5.864379e-01 8.172082e-01
1.562500e-02 3.281250e-02 -5.743843e+00 5.985279e-01 8.292678e-01
1.718750e-02 3.281250e-02 -5.755308e+00 6.099248e-01 8.411583e-01
1.875000e-02 3.281250e-02 -5.758440e+00 6.216462e-01 8.528656e-01
2.031250e-02 3.281250e-02 -5.772221e+00 6.326519e-01 8.643950e-01
2.187500e-02 3.281250e-02 -5.776281e+00 6.439597e-01 8.757342e-01
2.343750e-02 3.281250e-02 -5.792258e+00 6.545296e-01 8.868900e-01
2.500000e-02 3.281250e-02 -5.797122e+00 6.653792e-01 8.978521e-01
2.656250e-02 3.281250e-02 -5.815162e+00 6.754691e-01 9.086285e-01
2.812500e-02 3.281250e-02 -5.820689e+00 6.858171e-01 9.192107e-01
2.968750e-02 3.281250e-02 -5.840645e+00 6.953838e-01 9.296078e-01
3.125000e-02 3.281250e-02 -5.846682e+00 7.051875e-01 9.398131e-01
3.281250e-02 3.281250e-02 -5.868395e+00 7.141891e-01 9.498367e-01
3.437500e-02 3.281250e-02 -5.874777e+00 7.234072e-01 9.596733e-01
3.593750e-02 3.281250e-02 -5.898077e+00 7.318030e-01 9.693340e-01
3.750000e-02 3.281250e-02 -5.904629e+00 7.403957e-01 9.788149e-01
3.906250e-02 3.281250e-02 -5.929335e+00 7.481468e-01 9.881277e-01
4.062500e-02 3.281250e-02 -5.935874e+00 7.560759e-01 9.972696e-01
4.218750e-02 3.281250e-02 -5.961799e+00 7.631466e-01 1.006258e+00
4.375000e-02 3.281250e-02 -5.968134e+00 7.703583e-01 1.015029e+00
4.531250e-02 3.281250e-02 -5.995082e+00 7.768989e-01 1.024294e+00
4.687500e-02 3.281250e-02 -6.001027e+00 7.814814e-01 1.026692e+00
4.843750e-02 3.281250e-02 -6.028542e+00 8.047252e-01 1.097131e+00
5.000000e-02 3.281250e-02 -6.056058e+00 7.875018e-01 5.582976e-01
0.000000e+00 3.437500e-02 -6.937020e+00 4.715457e-01 7.006431e-01
1.562500e-03 3.437500e-02 -6.934011e+00 4.846009e-01 7.137499e-01
3.125000e-03 3.437500e-02 -6.931001e+00 4.980793e-01 7.267495e-01
4.687500e-03 3.437500e-02 -6.932222e+00 5.109542e-01 7.396391e-01
6.250000e-03 3.437500e-02 -6.930529e+00 5.242328e-01 7.523957e-01
7.812500e-03 3.437500e-02 -6.934369e+00 5.368845e-01 7.650176e-01
9.375000e-03 3.437500e-02 -6.933953e+00 5.499166e-01 7.774835e-01
1.093750e-02 3.437500e-02 -6.940362e+00 5.622980e-01 7.897930e-01
1.250000e-02 3.437500e-02 -6.941167e+00 5.750362e-01 8.019271e-01
1.406250e-02 3.437500e-02 -6.950079e+00 5.870998e-01 8.138867e-01
1.562500e-02 3.437500e-02 -6.952028e+00 5.994963e-01 8.256551e-01
1.718750e-02 3.437500e-02 -6.963360e+00 6.111941e-01 8.372350e-01
1.875000e-02 3.437500e-02 -6.966361e+00 6.232011e-01 8.486119e-01
2.031250e-02 3.437500e-02 -6.980012e+00 6.344855e-01 8.597903e-01
2.187500e-02 3.437500e-02 -6.983957e+00 6.460555e-01 8.707578e-01
2.343750e-02 3.437500e-02 -6.999811e+00 6.568791e-01 8.815204e-01
2.500000e-02 3.437500e-02 -7.004576e+00 6.679652e-01 8.920680e-01
2.656250e-02 3.437500e-02 -7.022500e+00 6.782817e-01 9.024081e-01
2.812500e-02 3.437500e-02 -7.027947e+00 6.888379e-01 9.125322e-01
2.968750e-02 3.437500e-02 -7.047798e+00 6.986017e-01 9.224491e-01
3.125000e-02 3.437500e-02 -7.053776e+00 7.085832e-01 9.321522e-01
3.281250e-02 3.437500e-02 -7.075396e+00 7.177502e-01 9.416512e-01
3.437500e-02 3.437500e-02 -7.081741e+00 7.271136e-01 9.509411e-01
3.593750e-02 3.437500e-02 -7.104963e+00 7.356413e-01 9.600326e-01
3.750000e-02 3.437500e-02 -7.111503e+00 7.443451e-01 9.689220e-01
3.906250e-02 3.437500e-02 -7.136149e+00 7.521927e-01 9.776207e-01
4.062500e-02 3.437500e-02 -7.142703e+00 7.601968e-01 9.861259e-01
4.218750e-02 3.437500e-02 -7.168587e+00 7.673275e-01 9.944556e-01
4.375000e-02 3.437500e-02 -7.174966e+00 7.745754e-01 1.002539e+00
4.531250e-02 3.437500e-02 -7.201896e+00 7.811461e-01 1.011131e+00
4.687500e-02 3.437500e-02 -7.207917e+00 7.856910e-01 1.012643e+00
4.843750e-02 3.437500e-02 -7.235445e+00 8.088684e-01 1.082293e+00
5.000000e-02 3.437500e-02 -7.262972e+00 7.915510e-01 5.547710e-01
0.000000e+00 3.593750e-02 -8.092767e+00 4.689707e-01 6.991710e-01
1.562500e-03 3.593750e-02 -8.089565e+00 4.823993e-01 7.121119e-01
3.125000e-03 3.593750e-02 -8.086363e+00 4.962371e-01 7.249349e-01
4.687500e-03 3.593750e-02 -8.087442e+00 5.094737e-01 7.376350e-01
6.250000e-03 3.593750e-02 -8.085571e+00 5.231011e-01 7.501880e-01
7.812500e-03 3.593750e-02 -8.089264e+00 5.361023e-01 7.625898e-01
9.375000e-03 3.593750e-02 -8.088684e+00 5.494696e-01 7.748177e-01
1.093750e-02 3.593750e-02 -8.094944e+00 5.621855e-01 7.868693e-01
1.250000e-02 3.593750e-02 -8.095600e+00 5.752427e-01 7.987243e-01
1.406250e-02 3.593750e-02 -8.104362e+00 5.876230e-01 8.103823e-01
1.562500e-02 3.593750e-02 -8.106178e+00 6.003194e-01 8.218257e-01
1.718750e-02 3.593750e-02 -8.117360e+00 6.123133e-01 8.330565e-01
1.875000e-02 3.593750e-02 -8.120246e+00 6.245983e-01 8.440598e-01
2.031250e-02 3.593750e-02 -8.133749e+00 6.361553e-01 8.548394e-01
2.187500e-02 3.593750e-02 -8.137598e+00 6.479788e-01 8.653833e-01
2.343750e-02 3.593750e-02 -8.153307e+00 6.590491e-01 8.756970e-01
2.500000e-02 3.593750e-02 -8.157997e+00 6.703614e-01 8.857707e-01
2.656250e-02 3.593750e-02 -8.175784e+00 6.808959e-01 8.956114e-01
2.812500e-02 3.593750e-02 -8.181178e+00 6.916486e-01 9.052116e-01
2.968750e-02 3.593750e-02 -8.200900e+00 7.015994e-01 9.145793e-01
3.125000e-02 3.593750e-02 -8.206851e+00 7.117454e-01 9.237089e-01
3.281250e-02 3.593750e-02 -8.228353e+00 7.210662e-01 9.326094e-01
3.437500e-02 3.593750e-02 -8.234699e+00 7.305600e-01 9.412767e-01
3.593750e-02 3.593750e-02 -8.257816e+00 7.392061e-01 9.497208e-01
3.750000e-02 3.593750e-02 -8.264387e+00 7.480042e-01 9.579389e-01
3.906250e-02 3.593750e-02 -8.288944e+00 7.559331e-01 9.659416e-01
4.062500e-02 3.593750e-02 -8.295561e+00 7.639938e-01 9.737269e-01
4.218750e-02 3.593750e-02 -8.321376e+00 7.711672e-01 9.813127e-01
4.375000e-02 3.593750e-02 -8.327852e+00 7.784314e-01 9.886244e-01
4.531250e-02 3.593750e-02 -8.354736e+00 7.850114e-01 9.964468e-01
4.687500e-02 3.593750e-02 -8.360890e+00 7.895114e-01 9.970519e-01
4.843750e-02 3.593750e-02 -8.388403e+00 8.125248e-01 1.065342e+00
5.000000e-02 3.593750e-02 -8.415916e+00 7.952038e-01 5.511012e-01
0.000000e+00 3.750000e-02 -9.181106e+00 4.662939e-01 6.976365e-01
1.562500e-03 3.750000e-02 -9.177708e+00 4.800930e-01 7.104072e-01
3.125000e-03 3.750000e-02 -9.174309e+00 4.942839e-01 7.230468e-01
4.687500e-03 3.750000e-02 -9.175236e+00 5.078789e-01 7.355471e-01
6.250000e-03 3.750000e-02 -9.173186e+00 5.218485e-01 7.478811e-01
7.812500e-03 3.750000e-02 -9.176719e+00 5.351958e-01 7.600410e-01
9.375000e-03 3.750000e-02 -9.175980e+00 5.488917e-01 7.720020e-01
1.093750e-02 3.750000e-02 -9.182075e+00 5.619384e-01 7.837589e-01
1.250000e-02 3.750000e-02 -9.182591e+00 5.753075e-01 7.952905e-01
1.406250e-02 3.750000e-02 -9.191182e+00 5.880001e-01 8.065947e-01
1.562500e-02 3.750000e-02 -9.192880e+00 6.009886e-01 8.176541e-01
1.718750e-02 3.750000e-02 -9.203889e+00 6.132734e-01 8.284695e-01
1.875000e-02 3.750000e-02 -9.206679e+00 6.258277e-01 8.390269e-01
2.031250e-02 3.750000e-02 -9.220008e+00 6.376512e-01 8.493298e-01
2.187500e-02 3.750000e-02 -9.223786e+00 6.497182e-01 8.593671e-01
2.343750e-02 3.750000e-02 -9.239322e+00 6.610277e-01 8.691441e-01
2.500000e-02 3.750000e-02 -9.243968e+00 6.725550e-01 8.786523e-01
2.656250e-02 3.750000e-02 -9.261586e+00 6.832986e-01 8.878984e-01
2.812500e-02 3.750000e-02 -9.266965e+00 6.942352e-01 8.968762e-01
2.968750e-02 3.750000e-02 -9.286524e+00 7.043626e-01 9.055934e-01
3.125000e-02 3.750000e-02 -9.292489e+00 7.146589e-01 9.140456e-01
3.281250e-02 3.750000e-02 -9.313838e+00 7.241214e-01 9.222416e-01
3.437500e-02 3.750000e-02 -9.320232e+00 7.337296e-01 9.301783e-01
3.593750e-02 3.750000e-02 -9.343207e+00 7.424804e-01 9.378652e-01
3.750000e-02 3.750000e-02 -9.349862e+00 7.513552e-01 9.453007e-01
3.906250e-02 3.750000e-02 -9.374292e+00 7.593499e-01 9.524949e-01
4.062500e-02 3.750000e-02 -9.381030e+00 7.674478e-01 9.594466e-01
4.218750e-02 3.750000e-02 -9.406736e+00 7.746467e-01 9.661735e-01
4.375000e-02 3.750000e-02 -9.413375e+00 7.819064e-01 9.725985e-01
4.531250e-02 3.750000e-02 -9.440169e+00 7.884744e-01 9.795247e-01
4.687500e-02 3.750000e-02 -9.446528e+00 7.929249e-01 9.791908e-01
4.843750e-02 3.750000e-02 -9.473985e+00 8.156499e-01 1.045397e+00
5.000000e-02 3.750000e-02 -9.501442e+00 7.984520e-01 5.472911e-01
0.000000e+00 3.906250e-02 -1.018177e+01 4.635170e-01 6.960403e-01
1.562500e-03 3.906250e-02 -1.017817e+01 4.776849e-01 7.086337e-01
3.125000e-03 3.906250e-02 -1.017457e+01 4.922200e-01 7.210777e-01
4.687500e-03 3.906250e-02 -1.017532e+01 5.061690e-01 7.333574e-01
6.250000e-03 3.906250e-02 -1.017309e+01 5.204723e-01 7.454406e-01
7.812500e-03 3.906250e-02 -1.017644e+01 5.341613e-01 7.573148e-01
9.375000e-03 3.906250e-02 -1.017555e+01 5.481774e-01 7.689523e-01
1.093750e-02 3.906250e-02 -1.018145e+01 5.615503e-01 7.803456e-01
1.250000e-02 3.906250e-02 -1.018184e+01 5.752224e-01 7.914730e-01
1.406250e-02 3.906250e-02 -1.019023e+01 5.882224e-01 8.023319e-01
1.562500e-02 3.906250e-02 -1.019183e+01 6.014936e-01 8.129060e-01
1.718750e-02 3.906250e-02 -1.020263e+01 6.140636e-01 8.231967e-01
1.875000e-02 3.906250e-02 -1.020536e+01 6.268769e-01 8.331916e-01
2.031250e-02 3.906250e-02 -1.021847e+01 6.389602e-01 8.428949e-01
2.187500e-02 3.906250e-02 -1.022221e+01 6.512593e-01 8.522975e-01
2.343750e-02 3.906250e-02 -1.023753e+01 6.628001e-01 8.614053e-01
2.500000e-02 3.906250e-02 -1.024218e+01 6.745298e-01 8.702117e-01
2.656250e-02 3.906250e-02 -1.025958e+01 6.854734e-01 8.787240e-01
2.812500e-02 3.906250e-02 -1.026499e+01 6.965798e-01 8.869374e-01
2.968750e-02 3.906250e-02 -1.028434e+01 7.068732e-01 8.948603e-01
3.125000e-02 3.906250e-02 -1.029037e+01 7.173041e-01 9.024894e-01
3.281250e-02 3.906250e-02 -1.031151e+01 7.268960e-01 9.098338e-01
3.437500e-02 3.906250e-02 -1.031802e+01 7.366015e-01 9.168917e-01
3.593750e-02 3.906250e-02 -1.034080e+01 7.454431e-01 9.236724e-01
3.750000e-02 3.906250e-02 -1.034760e+01 7.543756e-01 9.301756e-01
3.906250e-02 3.906250e-02 -1.037185e+01 7.624206e-01 9.364110e-01
4.062500e-02 3.906250e-02 -1.037879e+01 7.705350e-01 9.423786e-01
4.218750e-02 3.906250e-02 -1.040432e+01 7.777422e-01 9.480957e-01
4.375000e-02 3.906250e-02 -1.041121e+01 7.849755e-01 9.534848e-01
4.531250e-02 3.906250e-02 -1.043785e+01 7.915093e-01 9.593507e-01
4.687500e-02 3.906250e-02 -1.044451e+01 7.959103e-01 9.580349e-01
4.843750e-02 3.906250e-02 -1.047185e+01 8.181830e-01 1.021228e+00
5.000000e-02 3.906250e-02 -1.049918e+01 8.012882e-01 5.433434e-01
0.000000e+00 4.062500e-02 -1.106117e+01 4.606415e-01 6.943826e-01
1.562500e-03 4.062500e-02 -1.105738e+01 4.751897e-01 7.067860e-01
3.125000e-03 4.062500e-02 -1.105359e+01 4.900564e-01 7.190077e-01
4.687500e-03 4.062500e-02 -1.105416e+01 5.043528e-01 7.310215e-01
6.250000e-03 4.062500e-02 -1.105178e+01 5.189781e-01 7.427876e-01
7.812500e-03 4.062500e-02 -1.105492e+01 5.330030e-01 7.542879e-01
9.375000e-03 4.062500e-02 -1.105390e+01 5.473276e-01 7.654936e-01
1.093750e-02 4.062500e-02 -1.105958e+01 5.610211e-01 7.763967e-01
1.250000e-02 4.062500e-02 -1.105988e+01 5.749846e-01 7.869780e-01
1.406250e-02 4.062500e-02 -1.106803e+01 5.882859e-01 7.972368e-01
1.562500e-02 4.062500e-02 -1.106958e+01 6.018276e-01 8.071605e-01
1.718750e-02 4.062500e-02 -1.108012e+01 6.146761e-01 8.167526e-01
1.875000e-02 4.062500e-02 -1.108283e+01 6.277355e-01 8.260049e-01
2.031250e-02 4.062500e-02 -1.109568e+01 6.400711e-01 8.349232e-01
2.187500e-02 4.062500e-02 -1.109944e+01 6.525886e-01 8.435020e-01
2.343750e-02 4.062500e-02 -1.111449e+01 6.643521e-01 8.517485e-01
2.500000e-02 4.062500e-02 -1.111920e+01 6.762694e-01 8.596592e-01
2.656250e-02 4.062500e-02 -1.113632e+01 6.874030e-01 8.672421e-01
2.812500e-02 4.062500e-02 -1.114184e+01 6.986631e-01 8.744951e-01
2.968750e-02 4.062500e-02 -1.116090e+01 7.091110e-01 8.814267e-01
3.125000e-02 4.062500e-02 -1.116709e+01 7.196591e-01 8.880362e-01
3.281250e-02 4.062500e-02 -1.118795e+01 7.293676e-01 8.943324e-01
3.437500e-02 4.062500e-02 -1.119466e+01 7.391512e-01 9.003155e-01
3.593750e-02 4.062500e-02 -1.121716e+01 7.480691e-01 9.059947e-01
3.750000e-02 4.062500e-02 -1.122422e+01 7.570386e-01 9.113712e-01
3.906250e-02 4.062500e-02 -1.124820e+01 7.651178e-01 9.164542e-01
4.062500e-02 4.062500e-02 -1.125544e+01 7.732264e-01 9.212453e-01
4.218750e-02 4.062500e-02 -1.128072e+01 7.804241e-01 9.257612e-01
4.375000e-02 4.062500e-02 -1.128797e+01 7.876075e-01 9.299267e-01
4.531250e-02 4.062500e-02 -1.131437e+01 7.940838e-01 9.345270e-01
4.687500e-02 4.062500e-02 -1.132145e+01 7.984413e-01 9.321792e-01
4.843750e-02 4.062500e-02 -1.134857e+01 8.200406e-01 9.911657e-01
5.000000e-02 4.062500e-02 -1.137570e+01 8.037054e-01 5.392610e-01
0.000000e+00 4.218750e-02 -1.178804e+01 4.576693e-01 6.926640e-01
1.562500e-03 4.218750e-02 -1.178406e+01 4.725896e-01 7.048485e-01
3.125000e-03 4.218750e-02 -1.178007e+01 4.877715e-01 7.167862e-01
4.687500e-03 4.218750e-02 -1.178042e+01 5.024083e-01 7.284335e-01
6.250000e-03 4.218750e-02 -1.177789e+01 5.173408e-01 7.397440e-01
7.812500e-03 4.218750e-02 -1.178078e+01 5.316955e-01 7.506982e-01
9.375000e-03 4.218750e-02 -1.177966e+01 5.463145e-01 7.612723e-01
1.093750e-02 4.218750e-02 -1.178507e+01 5.603226e-01 7.714638e-01
1.250000e-02 4.218750e-02 -1.178530e+01 5.745632e-01 7.812617e-01
1.406250e-02 4.218750e-02 -1.179316e+01 5.881597e-01 7.906715e-01
1.562500e-02 4.218750e-02 -1.179469e+01 6.019574e-01 7.996881e-01
1.718750e-02 4.218750e-02 -1.180492e+01 6.150778e-01 8.083200e-01
1.875000e-02 4.218750e-02 -1.180766e+01 6.283683e-01 8.165650e-01
2.031250e-02 4.218750e-02 -1.182017e+01 6.409489e-01 8.244324e-01
2.187500e-02 4.218750e-02 -1.182402e+01 6.536689e-01 8.319213e-01
2.343750e-02 4.218750e-02 -1.183871e+01 6.656471e-01 8.390412e-01
2.500000e-02 4.218750e-02 -1.184356e+01 6.777349e-01 8.457921e-01
2.656250e-02 4.218750e-02 -1.186031e+01 6.890495e-01 8.521834e-01
2.812500e-02 4.218750e-02 -1.186603e+01 7.004450e-01 8.582159e-01
2.968750e-02 4.218750e-02 -1.188471e+01 7.110371e-01 8.638988e-01
3.125000e-02 4.218750e-02 -1.189116e+01 7.216827e-01 8.692336e-01
3.281250e-02 4.218750e-02 -1.191163e+01 7.314959e-01 8.742293e-01
3.437500e-02 4.218750e-02 -1.191865e+01 7.413365e-01 8.788884e-01
3.593750e-02 4.218750e-02 -1.194076e+01 7.503174e-01 8.832196e-01
3.750000e-02 4.218750e-02 -1.194821e+01 7.593013e-01 8.872261e-01
3.906250e-02 4.218750e-02 -1.197179e+01 7.673996e-01 8.909168e-01
4.062500e-02 4.218750e-02 -1.197949e+01 7.754782e-01 8.942947e-01
4.218750e-02 4.218750e-02 -1.200437e+01 7.826496e-01 8.973758e-01
4.375000e-02 4.218750e-02 -1.201214e+01 7.897581e-01 9.000903e-01
4.531250e-02 4.218750e-02 -1.203815e+01 7.961531e-01 9.031774e-01
4.687500e-02 4.218750e-02 -1.204583e+01 8.004823e-01 8.997467e-01
4.843750e-02 4.218750e-02 -1.207260e+01 8.211056e-01 9.530088e-01
5.000000e-02 4.218750e-02 -1.209937e+01 8.056971e-01 5.350472e-01
0.000000e+00 4.375000e-02 -1.231015e+01 4.546021e-01 6.908849e-01
1.562500e-03 4.375000e-02 -1.230596e+01 4.698808e-01 7.027775e-01
3.125000e-03 4.375000e-02 -1.230178e+01 4.853567e-01 7.142829e-01
4.687500e-03 4.375000e-02 -1.230188e+01 5.003257e-01 7.253432e-01
6.250000e-03 4.375000e-02 -1.229920e+01 5.155463e-01 7.359194e-01
7.812500e-03 4.375000e-02 -1.230181e+01 5.302237e-01 7.460069e-01
9.375000e-03 4.375000e-02 -1.230060e+01 5.451184e-01 7.556014e-01
1.093750e-02 4.375000e-02 -1.230568e+01 5.594341e-01 7.647168e-01
1.250000e-02 4.375000e-02 -1.230590e+01 5.739334e-01 7.733587e-01
1.406250e-02 4.375000e-02 -1.231338e+01 5.878182e-01 7.815439e-01
1.562500e-02 4.375000e-02 -1.231496e+01 6.018532e-01 7.892790e-01
1.718750e-02 4.375000e-02 -1.232478e+01 6.152387e-01 7.965794e-01
1.875000e-02 4.375000e-02 -1.232763e+01 6.287414e-01 8.034507e-01
2.031250e-02 4.375000e-02 -1.233971e+01 6.415598e-01 8.099063e-01
2.187500e-02 4.375000e-02 -1.234373e+01 6.544631e-01 8.159507e-01
2.343750e-02 4.375000e-02 -1.235796e+01 6.666478e-01 8.215955e-01
2.500000e-02 4.375000e-02 -1.236305e+01 6.788861e-01 8.268449e-01
2.656250e-02 4.375000e-02 -1.237931e+01 6.903726e-01 8.317091e-01
2.812500e-02 4.375000e-02 -1.238535e+01 7.018824e-01 8.361921e-01
2.968750e-02 4.375000e-02 -1.240352e+01 7.126085e-01 8.403033e-01
3.125000e-02 4.375000e-02 -1.241036e+01 7.233290e-01 8.440470e-01
3.281250e-02 4.375000e-02 -1.243029e+01 7.332353e-01 8.474319e-01
3.437500e-02 4.375000e-02 -1.243779e+01 7.431090e-01 8.504628e-01
3.593750e-02 4.375000e-02 -1.245935e+01 7.521395e-01 8.531481e-01
3.750000e-02 4.375000e-02 -1.246735e+01 7.611122e-01 8.554929e-01
3.906250e-02 4.375000e-02 -1.249037e+01 7.692149e-01 8.575055e-01
4.062500e-02 4.375000e-02 -1.249871e+01 7.772363e-01 8.591911e-01
4.218750e-02 4.375000e-02 -1.252302e+01 7.843650e-01 8.605642e-01
4.375000e-02 4.375000e-02 -1.253153e+01 7.913707e-01 8.615642e-01
4.531250e-02 4.375000e-02 -1.255696e+01 7.976595e-01 8.628526e-01
4.687500e-02 4.375000e-02 -1.256546e+01 8.019870e-01 8.582973e-01
4.843750e-02 4.375000e-02 -1.259167e+01 8.212118e-01 9.039413e-01
5.000000e-02 4.375000e-02 -1.261788e+01 8.072575e-01 5.307048e-01
0.000000e+00 4.531250e-02 -1.255779e+01 4.514418e-01 6.890457e-01
1.562500e-03 4.531250e-02 -1.255340e+01 4.670555e-01 7.004479e-01
3.125000e-03 4.531250e-02 -1.254901e+01 4.828010e-01 7.111661e-01
4.687500e-03 4.531250e-02 -1.254884e+01 4.980936e-01 7.211745e-01
6.250000e-03 4.531250e-02 -1.254605e+01 5.135786e-01 7.304895e-01
7.812500e-03 4.531250e-02 -1.254833e+01 5.285694e-01 7.391553e-01
9.375000e-03 4.531250e-02 -1.254710e+01 5.437158e-01 7.472096e-01
1.093750e-02 4.531250e-02 -1.255180e+01 5.583299e-01 7.546948e-01
1.250000e-02 4.531250e-02 -1.255209e+01 5.730644e-01 7.616397e-01
1.406250e-02 4.531250e-02 -1.255915e+01 5.872291e-01 7.680752e-01
1.562500e-02 4.531250e-02 -1.256089e+01 6.014788e-01 7.740208e-01
1.718750e-02 4.531250e-02 -1.257024e+01 6.151213e-01 7.794982e-01
1.875000e-02 4.531250e-02 -1.257335e+01 6.288137e-01 7.845206e-01
2.031250e-02 4.531250e-02 -1.258490e+01 6.418618e-01 7.891040e-01
2.187500e-02 4.531250e-02 -1.258930e+01 6.549255e-01 7.932579e-01
2.343750e-02 4.531250e-02 -1.260296e+01 6.673085e-01 7.969949e-01
2.500000e-02 4.531250e-02 -1.260852e+01 6.796736e-01 8.003225e-01
2.656250e-02 4.531250e-02 -1.262417e+01 6.913228e-01 8.032513e-01
2.812500e-02 4.531250e-02 -1.263079e+01 7.029221e-01 8.057880e-01
2.968750e-02 4.531250e-02 -1.264831e+01 7.137716e-01 8.079418e-01
3.125000e-02 4.531250e-02 -1.265584e+01 7.245410e-01 8.097192e-01
3.281250e-02 4.531250e-02 -1.267510e+01 7.345284e-01 8.111287e-01
3.437500e-02 4.531250e-02 -1.268340e+01 7.444072e-01 8.121770e-01
3.593750e-02 4.531250e-02 -1.270425e+01 7.534739e-01 8.128722e-01
3.750000e-02 4.531250e-02 -1.271316e+01 7.624057e-01 8.132214e-01
3.906250e-02 4.531250e-02 -1.273545e+01 7.704975e-01 8.132323e-01
4.062500e-02 4.531250e-02 -1.274481e+01 7.784304e-01 8.129122e-01
4.218750e-02 4.531250e-02 -1.276835e+01 7.854994e-01 8.122740e-01
4.375000e-02 4.531250e-02 -1.277798e+01 7.923703e-01 8.112706e-01
4.531250e-02 4.531250e-02 -1.280259e+01 7.985249e-01 8.104489e-01
4.687500e-02 4.531250e-02 -1.281230e+01 8.028935e-01 8.047497e-01
4.843750e-02 4.531250e-02 -1.283766e+01 8.201177e-01 8.404852e-01
5.000000e-02 4.531250e-02 -1.286302e+01 8.083814e-01 5.262373e-01
0.000000e+00 4.687500e-02 -1.229389e+01 4.481902e-01 6.871470e-01
1.562500e-03 4.687500e-02 -1.228919e+01 4.640680e-01 6.974952e-01
3.125000e-03 4.687500e-02 -1.228449e+01 4.800653e-01 7.066046e-01
4.687500e-03 4.687500e-02 -1.228412e+01 4.956517e-01 7.146520e-01
6.250000e-03 4.687500e-02 -1.228101e+01 5.113615e-01 7.217998e-01
7.812500e-03 4.687500e-02 -1.228316e+01 5.266324e-01 7.281790e-01
9.375000e-03 4.687500e-02 -1.228162e+01 5.419910e-01 7.338811e-01
1.093750e-02 4.687500e-02 -1.228624e+01 5.568728e-01 7.389761e-01
1.250000e-02 4.687500e-02 -1.228622e+01 5.718056e-01 7.435120e-01
1.406250e-02 4.687500e-02 -1.229327e+01 5.862218e-01 7.475275e-01
1.562500e-02 4.687500e-02 -1.229470e+01 6.006514e-01 7.510494e-01
1.718750e-02 4.687500e-02 -1.230411e+01 6.145243e-01 7.541014e-01
1.875000e-02 4.687500e-02 -1.230692e+01 6.283727e-01 7.566999e-01
2.031250e-02 4.687500e-02 -1.231861e+01 6.416246e-01 7.588609e-01
2.187500e-02 4.687500e-02 -1.232270e+01 6.548151e-01 7.605961e-01
2.343750e-02 4.687500e-02 -1.233657e+01 6.673700e-01 7.619174e-01
2.500000e-02 4.687500e-02 -1.234184e+01 6.798279e-01 7.628341e-01
2.656250e-02 4.687500e-02 -1.235779e+01 6.916127e-01 7.633561e-01
2.812500e-02 4.687500e-02 -1.236412e+01 7.032664e-01 7.634917e-01
2.968750e-02 4.687500e-02 -1.238203e+01 7.142112e-01 7.632496e-01
3.125000e-02 4.687500e-02 -1.238929e+01 7.249927e-01 7.626380e-01
3.281250e-02 4.687500e-02 -1.240901e+01 7.350313e-01 7.616650e-01
3.437500e-02 4.687500e-02 -1.241703e+01 7.448769e-01 7.603389e-01
3.593750e-02 4.687500e-02 -1.243839e+01 7.539481e-01 7.586678e-01
3.750000e-02 4.687500e-02 -1.244700e+01 7.627989e-01 7.566603e-01
3.906250e-02 4.687500e-02 -1.246983e+01 7.708607e-01 7.543243e-01
4.062500e-02 4.687500e-02 -1.247890e+01 7.786871e-01 7.516688e-01
4.218750e-02 4.687500e-02 -1.250306e+01 7.856995e-01 7.487055e-01
4.375000e-02 4.687500e-02 -1.251243e+01 7.924396e-01 7.454046e-01
4.531250e-02 4.687500e-02 -1.253778e+01 7.984720e-01 7.421609e-01
4.687500e-02 4.687500e-02 -1.254733e+01 8.030089e-01 7.353337e-01
4.843750e-02 4.687500e-02 -1.257318e+01 8.174292e-01 7.585170e-01
5.000000e-02 4.687500e-02 -1.259904e+01 8.090639e-01 5.216478e-01
0.000000e+00 4.843750e-02 -1.092273e+01 4.448494e-01 6.851893e-01
1.562500e-03 4.843750e-02 -1.091848e+01 4.610884e-01 6.928206e-01
3.125000e-03 4.843750e-02 -1.091422e+01 4.770906e-01 6.985720e-01
4.687500e-03 4.843750e-02 -1.091445e+01 4.930466e-01 7.031074e-01
6.250000e-03 4.843750e-02 -1.091338e+01 5.087162e-01 7.067565e-01
7.812500e-03 4.843750e-02 -1.091608e+01 5.243680e-01 7.096967e-01
9.375000e-03 4.843750e-02 -1.091817e+01 5.396888e-01 7.120311e-01
1.093750e-02 4.843750e-02 -1.092321e+01 5.549489e-01 7.138236e-01
1.250000e-02 4.843750e-02 -1.092830e+01 5.698343e-01 7.151167e-01
1.406250e-02 4.843750e-02 -1.093551e+01 5.846172e-01 7.159401e-01
1.562500e-02 4.843750e-02 -1.094342e+01 5.989819e-01 7.163155e-01
1.718750e-02 4.843750e-02 -1.095262e+01 6.132026e-01 7.162603e-01
1.875000e-02 4.843750e-02 -1.096316e+01 6.269621e-01 7.157881e-01
2.031250e-02 4.843750e-02 -1.097412e+01 6.405367e-01 7.149110e-01
2.187500e-02 4.843750e-02 -1.098706e+01 6.536082e-01 7.136391e-01
2.343750e-02 4.843750e-02 -1.099955e+01 6.664550e-01 7.119824e-01
2.500000e-02 4.843750e-02 -1.101464e+01 6.787582e-01 7.099495e-01
2.656250e-02 4.843750e-02 -1.102840e+01 6.907990e-01 7.075497e-01
2.812500e-02 4.843750e-02 -1.104537e+01 7.022575e-01 7.047911e-01
2.968750e-02 4.843750e-02 -1.106011e+01 7.134178e-01 7.016828e-01
3.125000e-02 4.843750e-02 -1.107869e+01 7.239905e-01 6.982330e-01
3.281250e-02 4.843750e-02 -1.109418e+01 7.342366e-01 6.944510e-01
3.437500e-02 4.843750e-02 -1.111411e+01 7.438607e-01 6.903454e-01
3.593750e-02 4.843750e-02 -1.113009e+01 7.531260e-01 6.859258e-01
3.750000e-02 4.843750e-02 -1.115108e+01 7.617378e-01 6.812010e-01
3.906250e-02 4.843750e-02 -1.116727e+01 7.699616e-01 6.761814e-01
4.062500e-02 4.843750e-02 -1.118902e+01 7.775034e-01 6.708758e-01
4.218750e-02 4.843750e-02 -1.120508e+01 7.846315e-01 6.652972e-01
4.375000e-02 4.843750e-02 -1.122727e+01 7.910525e-01 6.594345e-01
4.531250e-02 4.843750e-02 -1.124289e+01 7.970375e-01 6.535000e-01
4.687500e-02 4.843750e-02 -1.126511e+01 8.022927e-01 6.455947e-01
4.843750e-02 4.843750e-02 -1.128064e+01 8.071043e-01 6.534012e-01
5.000000e-02 4.843750e-02 -1.129616e+01 8.093011e-01 5.169399e-01
0.000000e+00 5.000000e-02 -9.551578e+00 4.414214e-01 6.831730e-01
1.562500e-03 5.000000e-02 -9.547769e+00 4.561442e-01 6.829833e-01
3.125000e-03 5.000000e-02 -9.543961e+00 4.708466e-01 6.824145e-01
4.687500e-03 5.000000e-02 -9.544778e+00 4.855083e-01 6.814674e-01
6.250000e-03 5.000000e-02 -9.545755e+00 5.001089e-01 6.801433e-01
7.812500e-03 5.000000e-02 -9.549011e+00 5.146283e-01 6.784444e-01
9.375000e-03 5.000000e-02 -9.554723e+00 5.290462e-01 6.763730e-01
1.093750e-02 5.000000e-02 -9.560180e+00 5.433429e-01 6.739323e-01
1.250000e-02 5.000000e-02 -9.570376e+00 5.574985e-01 6.711257e-01
1.406250e-02 5.000000e-02 -9.577754e+00 5.714933e-01 6.679575e-01
1.562500e-02 5.000000e-02 -9.592147e+00 5.853081e-01 6.644324e-01
1.718750e-02 5.000000e-02 -9.601128e+00 5.989238e-01 6.605554e-01
1.875000e-02 5.000000e-02 -9.619396e+00 6.123215e-01 6.563324e-01
2.031250e-02 5.000000e-02 -9.629632e+00 6.254827e-01 6.517696e-01
2.187500e-02 5.000000e-02 -9.651419e+00 6.383893e-01 6.468737e-01
2.343750e-02 5.000000e-02 -9.662523e+00 6.510234e-01 6.416518e-01
2.500000e-02 5.000000e-02 -9.687441e+00 6.633677e-01 6.361118e-01
2.656250e-02 5.000000e-02 -9.698997e+00 6.754050e-01 6.302616e-01
2.812500e-02 5.000000e-02 -9.726625e+00 6.871189e-01 6.241101e-01
2.968750e-02 5.000000e-02 -9.738187e+00 6.984932e-01 6.176661e-01
3.125000e-02 5.000000e-02 -9.768082e+00 7.095123e-01 6.109393e-01
3.281250e-02 5.000000e-02 -9.779363e+00 7.201610e-01 6.039394e-01
3.437500e-02 5.000000e-02 -9.811186e+00 7.304247e-01 5.966768e-01
3.593750e-02 5.000000e-02 -9.821804e+00 7.402894e-01 5.891621e-01
3.750000e-02 5.000000e-02 -9.855167e+00 7.497416e-01 5.814064e-01
3.906250e-02 5.000000e-02 -9.864711e+00 7.587684e-01 5.734211e-01
4.062500e-02 5.000000e-02 -9.899144e+00 7.673574e-01 5.652180e-01
4.218750e-02 5.000000e-02 -9.907105e+00 7.754969e-01 5.568089e-01
4.375000e-02 5.000000e-02 -9.942112e+00 7.831760e-01 5.482063e-01
4.531250e-02 5.000000e-02 -9.948006e+00 7.903842e-01 5.394229e-01
4.687500e-02 5.000000e-02 -9.982883e+00 7.971117e-01 5.304713e-01
4.843750e-02 5.000000e-02 -9.988086e+00 8.033495e-01 5.213649e-01
5.000000e-02 5.000000e-02 -9.993290e+00 8.090893e-01 5.121168e-01
