TITLE = "Cavity Iterative Residual History"
variables="Iteration""Time(s)""Res1""Res2""Res3"
1 2.746582e-04 1.090730e-01 1.644359e+02 1.808073e+02 1.000000e+00
10 2.746582e-03 2.495352e+01 5.919944e+01 7.814395e+01 1.000000e+00
20 5.493164e-03 2.541697e+01 5.521249e+01 7.147982e+01 1.018572e+00
30 8.239746e-03 2.543607e+01 5.399690e+01 6.953028e+01 1.019338e+00
40 1.098633e-02 2.573068e+01 5.347447e+01 6.821449e+01 1.031144e+00
50 1.373291e-02 2.657866e+01 5.304941e+01 6.663028e+01 1.065127e+00
60 1.647949e-02 7.017358e+01 5.208444e+01 6.414308e+01 2.812171e+00
70 1.922607e-02 2.888593e+01 4.990414e+01 6.014491e+01 1.157589e+00
80 2.197266e-02 2.873846e+01 4.668492e+01 5.592377e+01 1.151679e+00
90 2.471924e-02 2.856050e+01 4.624846e+01 5.137608e+01 1.144548e+00
100 2.746582e-02 3.558145e+01 2.373739e+01 1.799422e+01 1.425909e+00
110 3.021240e-02 3.074430e+01 1.618650e+01 1.914477e+01 1.232062e+00
120 3.295898e-02 2.790460e+01 1.285016e+01 1.585263e+01 1.118263e+00
130 3.570557e-02 2.563979e+01 1.108331e+01 1.377666e+01 1.027502e+00
140 3.845215e-02 2.384902e+01 9.847137e+00 1.207629e+01 9.557377e-01
150 4.119873e-02 2.147301e+01 8.917736e+00 1.069455e+01 8.605202e-01
160 4.394531e-02 1.830253e+01 8.201633e+00 9.577203e+00 7.334648e-01
170 4.669189e-02 1.561271e+01 7.629679e+00 8.669440e+00 6.256717e-01
180 4.943848e-02 1.506983e+01 7.149620e+00 7.926618e+00 6.039161e-01
190 5.218506e-02 1.961120e+01 6.718976e+00 7.314891e+00 7.859090e-01
200 5.493164e-02 1.689939e+01 6.298476e+00 6.810581e+00 6.772346e-01
210 5.767822e-02 1.210214e+01 5.845051e+00 6.398309e+00 4.849872e-01
220 6.042480e-02 1.883110e+01 5.324217e+00 6.067140e+00 7.546468e-01
230 6.317139e-02 1.625813e+01 4.761039e+00 5.813476e+00 6.515365e-01
240 6.591797e-02 1.139772e+01 4.218606e+00 5.661342e+00 4.567580e-01
250 6.866455e-02 8.278487e+00 3.750210e+00 5.693057e+00 3.317563e-01
260 7.141113e-02 7.044454e+00 3.434467e+00 5.961142e+00 2.823030e-01
270 7.415771e-02 6.672189e+00 3.417598e+00 6.211092e+00 2.673847e-01
280 7.690430e-02 6.932087e+00 3.767842e+00 5.976175e+00 2.778000e-01
290 7.965088e-02 7.168235e+00 4.235603e+00 5.104666e+00 2.872635e-01
300 8.239746e-02 6.790001e+00 4.472615e+00 3.899702e+00 2.721059e-01
310 8.514404e-02 5.827843e+00 4.363246e+00 2.858125e+00 2.335479e-01
320 8.789063e-02 4.773088e+00 4.022027e+00 2.399881e+00 1.912791e-01
330 9.063721e-02 4.399329e+00 3.634597e+00 2.517056e+00 1.763009e-01
340 9.338379e-02 4.875110e+00 3.348336e+00 2.852860e+00 1.953676e-01
350 9.613037e-02 5.364700e+00 3.227577e+00 3.190552e+00 2.149877e-01
360 9.887695e-02 5.189671e+00 3.228977e+00 3.446946e+00 2.079735e-01
370 1.016235e-01 4.299097e+00 3.220200e+00 3.549802e+00 1.722842e-01
380 1.043701e-01 3.164039e+00 3.073380e+00 3.450457e+00 1.267973e-01
390 1.071167e-01 2.503788e+00 2.756915e+00 3.172297e+00 1.003381e-01
400 1.098633e-01 2.557513e+00 2.346750e+00 2.800578e+00 1.024911e-01
410 1.126099e-01 2.782800e+00 1.964329e+00 2.426858e+00 1.115193e-01
420 1.153564e-01 2.820654e+00 1.700490e+00 2.105452e+00 1.130363e-01
430 1.181030e-01 2.650118e+00 1.588703e+00 1.844561e+00 1.062022e-01
440 1.208496e-01 2.365848e+00 1.622767e+00 1.621268e+00 9.481018e-02
450 1.235962e-01 2.091852e+00 1.757290e+00 1.410354e+00 8.382995e-02
460 1.263428e-01 1.974069e+00 1.914866e+00 1.208832e+00 7.910983e-02
470 1.290894e-01 2.133455e+00 2.024682e+00 1.039997e+00 8.549714e-02
480 1.318359e-01 2.557062e+00 2.049085e+00 9.400692e-01 1.024730e-01
490 1.345825e-01 3.109814e+00 1.985472e+00 9.319724e-01 1.246243e-01
500 1.373291e-01 3.617709e+00 1.856783e+00 1.001546e+00 1.449779e-01
510 1.400757e-01 3.894610e+00 1.698016e+00 1.109158e+00 1.560746e-01
520 1.428223e-01 3.771137e+00 1.541911e+00 1.217919e+00 1.511264e-01
530 1.455688e-01 3.175697e+00 1.408374e+00 1.304080e+00 1.272645e-01
540 1.483154e-01 2.253043e+00 1.301403e+00 1.354337e+00 9.028958e-02
550 1.510620e-01 1.513561e+00 1.212614e+00 1.361056e+00 6.065519e-02
560 1.538086e-01 1.620167e+00 1.127934e+00 1.319527e+00 6.492738e-02
570 1.565552e-01 2.079598e+00 1.035628e+00 1.228755e+00 8.333885e-02
580 1.593018e-01 2.302701e+00 9.343813e-01 1.096181e+00 9.227959e-02
590 1.620483e-01 2.224403e+00 8.386140e-01 9.453179e-01 8.914185e-02
600 1.647949e-01 1.968555e+00 7.755418e-01 8.224511e-01 7.888886e-02
610 1.675415e-01 1.677689e+00 7.669077e-01 7.845591e-01 6.723256e-02
620 1.702881e-01 1.431160e+00 8.061110e-01 8.467219e-01 5.735301e-02
630 1.730347e-01 1.238197e+00 8.629596e-01 9.595725e-01 4.962013e-02
640 1.757813e-01 1.084241e+00 9.086605e-01 1.063271e+00 4.345042e-02
650 1.785278e-01 9.659523e-01 9.296386e-01 1.122945e+00 3.871006e-02
660 1.812744e-01 8.893881e-01 9.279325e-01 1.129275e+00 3.564179e-02
670 1.840210e-01 8.536866e-01 9.157478e-01 1.090873e+00 3.421107e-02
680 1.867676e-01 8.464539e-01 9.066912e-01 1.025366e+00 3.392122e-02
690 1.895142e-01 8.580227e-01 9.060014e-01 9.500662e-01 3.438484e-02
700 1.922607e-01 8.931229e-01 9.060394e-01 8.747793e-01 3.579146e-02
710 1.950073e-01 9.594595e-01 8.913765e-01 8.004400e-01 3.844987e-02
720 1.977539e-01 1.046210e+00 8.488558e-01 7.242164e-01 4.192633e-02
730 2.005005e-01 1.122971e+00 7.748104e-01 6.463879e-01 4.500250e-02
740 2.032471e-01 1.158241e+00 6.761178e-01 5.731533e-01 4.641594e-02
750 2.059937e-01 1.134863e+00 5.663872e-01 5.130590e-01 4.547909e-02
760 2.087402e-01 1.054357e+00 4.611933e-01 4.698328e-01 4.225282e-02
770 2.114868e-01 9.343197e-01 3.767190e-01 4.393548e-01 3.744240e-02
780 2.142334e-01 8.047037e-01 3.310639e-01 4.156760e-01 3.224810e-02
790 2.169800e-01 7.054930e-01 3.355605e-01 3.994817e-01 2.827228e-02
800 2.197266e-01 6.773169e-01 3.778360e-01 3.989712e-01 2.714314e-02
810 2.224731e-01 7.322004e-01 4.311549e-01 4.206859e-01 2.934257e-02
820 2.252197e-01 8.393817e-01 4.740212e-01 4.601902e-01 3.363781e-02
830 2.279663e-01 9.532175e-01 4.949732e-01 5.046663e-01 3.819972e-02
840 2.307129e-01 1.035575e+00 4.909970e-01 5.416809e-01 4.150016e-02
850 2.334595e-01 1.060873e+00 4.652970e-01 5.639211e-01 4.251396e-02
860 2.362061e-01 1.018347e+00 4.249685e-01 5.693546e-01 4.080973e-02
870 2.389526e-01 9.145232e-01 3.786577e-01 5.594844e-01 3.664907e-02
880 2.416992e-01 7.734844e-01 3.344511e-01 5.373581e-01 3.099701e-02
890 2.444458e-01 6.327048e-01 2.982398e-01 5.061323e-01 2.535533e-02
900 2.471924e-01 5.312259e-01 2.728387e-01 4.685108e-01 2.128861e-02
910 2.499390e-01 4.863609e-01 2.581786e-01 4.269902e-01 1.949067e-02
920 2.526855e-01 4.797933e-01 2.524226e-01 3.845581e-01 1.922748e-02
930 2.554321e-01 4.820320e-01 2.531090e-01 3.453143e-01 1.931719e-02
940 2.581787e-01 4.776536e-01 2.575913e-01 3.143363e-01 1.914173e-02
950 2.609253e-01 4.644051e-01 2.629997e-01 2.960810e-01 1.861080e-02
960 2.636719e-01 4.442018e-01 2.663293e-01 2.916721e-01 1.780117e-02
970 2.664185e-01 4.185789e-01 2.648785e-01 2.976616e-01 1.677434e-02
980 2.691650e-01 3.893530e-01 2.568801e-01 3.081121e-01 1.560313e-02
990 2.719116e-01 3.607748e-01 2.421030e-01 3.177694e-01 1.445787e-02
1000 2.746582e-01 3.396805e-01 2.222928e-01 3.237075e-01 1.361253e-02
1010 2.774048e-01 3.324083e-01 2.013252e-01 3.253237e-01 1.332110e-02
1020 2.801514e-01 3.403983e-01 1.846658e-01 3.235015e-01 1.364129e-02
1030 2.828979e-01 3.590405e-01 1.773038e-01 3.195443e-01 1.438837e-02
1040 2.856445e-01 3.808753e-01 1.804687e-01 3.143119e-01 1.526339e-02
1050 2.883911e-01 3.990860e-01 1.906330e-01 3.078805e-01 1.599317e-02
1060 2.911377e-01 4.089474e-01 2.023822e-01 2.997579e-01 1.638837e-02
1070 2.938843e-01 4.079928e-01 2.113768e-01 2.893585e-01 1.635011e-02
1080 2.966309e-01 3.958658e-01 2.151946e-01 2.763548e-01 1.586413e-02
1090 2.993774e-01 3.741404e-01 2.129657e-01 2.607458e-01 1.499349e-02
1100 3.021240e-01 3.460382e-01 2.048318e-01 2.427665e-01 1.386731e-02
1110 3.048706e-01 3.159167e-01 1.916385e-01 2.228814e-01 1.266020e-02
1120 3.076172e-01 2.884257e-01 1.748813e-01 2.020005e-01 1.155852e-02
1130 3.103638e-01 2.673244e-01 1.567163e-01 1.818171e-01 1.071289e-02
1140 3.131104e-01 2.542746e-01 1.397510e-01 1.649361e-01 1.018993e-02
1150 3.158569e-01 2.483735e-01 1.263711e-01 1.542875e-01 9.953446e-03
1160 3.186035e-01 2.469175e-01 1.176953e-01 1.516023e-01 9.895096e-03
1170 3.213501e-01 2.467840e-01 1.129780e-01 1.560532e-01 9.889747e-03
1180 3.240967e-01 2.454556e-01 1.102937e-01 1.647706e-01 9.836513e-03
1190 3.268433e-01 2.414256e-01 1.079247e-01 1.746339e-01 9.675012e-03
1200 3.295898e-01 2.342472e-01 1.052168e-01 1.834529e-01 9.387341e-03
1210 3.323364e-01 2.244378e-01 1.025753e-01 1.901304e-01 8.994235e-03
1220 3.350830e-01 2.132671e-01 1.009289e-01 1.943380e-01 8.546575e-03
1230 3.378296e-01 2.024003e-01 1.010344e-01 1.961201e-01 8.111092e-03
1240 3.405762e-01 1.934331e-01 1.029826e-01 1.955914e-01 7.751736e-03
1250 3.433228e-01 1.874426e-01 1.061666e-01 1.927785e-01 7.511669e-03
1260 3.460693e-01 1.846932e-01 1.096170e-01 1.875937e-01 7.401490e-03
1270 3.488159e-01 1.845618e-01 1.123731e-01 1.799064e-01 7.396224e-03
1280 3.515625e-01 1.856709e-01 1.136917e-01 1.696606e-01 7.440671e-03
1290 3.543091e-01 1.862161e-01 1.131024e-01 1.570021e-01 7.462518e-03
1300 3.570557e-01 1.844552e-01 1.103917e-01 1.423928e-01 7.391949e-03
1310 3.598022e-01 1.792565e-01 1.055684e-01 1.267047e-01 7.183615e-03
1320 3.625488e-01 1.705442e-01 9.883493e-02 1.112963e-01 6.834474e-03
1330 3.652954e-01 1.594862e-01 9.057080e-02 9.802478e-02 6.391330e-03
1340 3.680420e-01 1.482977e-01 8.132829e-02 8.900220e-02 5.942955e-03
1350 3.707886e-01 1.395435e-01 7.184206e-02 8.577248e-02 5.592136e-03
1360 3.735352e-01 1.349934e-01 6.304061e-02 8.821774e-02 5.409795e-03
1370 3.762817e-01 1.346589e-01 5.600640e-02 9.453321e-02 5.396389e-03
1380 3.790283e-01 1.369221e-01 5.175239e-02 1.024085e-01 5.487084e-03
1390 3.817749e-01 1.396301e-01 5.073726e-02 1.099714e-01 5.595606e-03
1400 3.845215e-01 1.410940e-01 5.249157e-02 1.159956e-01 5.654270e-03
1410 3.872681e-01 1.404626e-01 5.588410e-02 1.197776e-01 5.628967e-03
1420 3.900146e-01 1.376503e-01 5.972875e-02 1.209810e-01 5.516268e-03
1430 3.927612e-01 1.330971e-01 6.313431e-02 1.195261e-01 5.333799e-03
1440 3.955078e-01 1.275017e-01 6.555668e-02 1.155272e-01 5.109568e-03
1450 3.982544e-01 1.215815e-01 6.674447e-02 1.092632e-01 4.872318e-03
1460 4.010010e-01 1.158845e-01 6.667313e-02 1.011675e-01 4.644013e-03
1470 4.037476e-01 1.106847e-01 6.548003e-02 9.182355e-02 4.435636e-03
1480 4.064941e-01 1.059816e-01 6.339369e-02 8.195399e-02 4.247160e-03
1490 4.092407e-01 1.015925e-01 6.065865e-02 7.239317e-02 4.071271e-03
1500 4.119873e-01 9.729003e-02 5.747178e-02 6.402551e-02 3.898850e-03
1510 4.147339e-01 9.292264e-02 5.395236e-02 5.765807e-02 3.723829e-03
1520 4.174805e-01 8.848386e-02 5.015815e-02 5.380576e-02 3.545947e-03
1530 4.202271e-01 8.412189e-02 4.613913e-02 5.247927e-02 3.371143e-03
1540 4.229736e-01 8.010225e-02 4.200304e-02 5.318897e-02 3.210058e-03
1550 4.257202e-01 7.673857e-02 3.796537e-02 5.521140e-02 3.075260e-03
1560 4.284668e-01 7.430659e-02 3.436258e-02 5.787346e-02 2.977800e-03
1570 4.312134e-01 7.295989e-02 3.160613e-02 6.066798e-02 2.923832e-03
1580 4.339600e-01 7.267241e-02 3.005393e-02 6.323545e-02 2.912311e-03
1590 4.367065e-01 7.322890e-02 2.982951e-02 6.530818e-02 2.934612e-03
1600 4.394531e-01 7.426541e-02 3.073073e-02 6.666903e-02 2.976149e-03
1610 4.421997e-01 7.534003e-02 3.233290e-02 6.713642e-02 3.019214e-03
1620 4.449463e-01 7.601050e-02 3.417775e-02 6.656980e-02 3.046083e-03
1630 4.476929e-01 7.590452e-02 3.589406e-02 6.488600e-02 3.041836e-03
1640 4.504395e-01 7.477730e-02 3.722792e-02 6.207782e-02 2.996663e-03
1650 4.531860e-01 7.255229e-02 3.802839e-02 5.822939e-02 2.907497e-03
1660 4.559326e-01 6.933867e-02 3.822300e-02 5.352568e-02 2.778713e-03
1670 4.586792e-01 6.541825e-02 3.779538e-02 4.825671e-02 2.621604e-03
1680 4.614258e-01 6.119634e-02 3.676824e-02 4.281789e-02 2.452413e-03
1690 4.641724e-01 5.711697e-02 3.519235e-02 3.770475e-02 2.288934e-03
1700 4.669189e-01 5.355518e-02 3.314131e-02 3.348303e-02 2.146198e-03
1710 4.696655e-01 5.071986e-02 3.071205e-02 3.068437e-02 2.032573e-03
1720 4.724121e-01 4.861402e-02 2.802986e-02 2.959278e-02 1.948183e-03
1730 4.751587e-01 4.707919e-02 2.525660e-02 3.005482e-02 1.886675e-03
1740 4.779053e-01 4.589638e-02 2.259894e-02 3.155524e-02 1.839275e-03
1750 4.806519e-01 4.488269e-02 2.030808e-02 3.349574e-02 1.798651e-03
1760 4.833984e-01 4.394079e-02 1.865119e-02 3.539688e-02 1.760905e-03
1770 4.861450e-01 4.305759e-02 1.783104e-02 3.694522e-02 1.725512e-03
1780 4.888916e-01 4.227040e-02 1.787727e-02 3.796603e-02 1.693965e-03
1790 4.916382e-01 4.162232e-02 1.861202e-02 3.838365e-02 1.667994e-03
1800 4.943848e-01 4.112408e-02 1.973980e-02 3.818917e-02 1.648027e-03
1810 4.971313e-01 4.073439e-02 2.096719e-02 3.741703e-02 1.632411e-03
1820 4.998779e-01 4.036288e-02 2.206489e-02 3.612847e-02 1.617522e-03
1830 5.026245e-01 3.989154e-02 2.287675e-02 3.440021e-02 1.598634e-03
1840 5.053711e-01 3.920468e-02 2.330843e-02 3.231766e-02 1.571108e-03
1850 5.081177e-01 3.821735e-02 2.331404e-02 2.997263e-02 1.531541e-03
1860 5.108643e-01 3.689562e-02 2.288569e-02 2.746558e-02 1.478574e-03
1870 5.136108e-01 3.526637e-02 2.204621e-02 2.491205e-02 1.413282e-03
1880 5.163574e-01 3.341631e-02 2.084402e-02 2.245181e-02 1.339142e-03
1890 5.191040e-01 3.148097e-02 1.934948e-02 2.025644e-02 1.261584e-03
1900 5.218506e-01 2.962382e-02 1.765237e-02 1.852397e-02 1.187160e-03
1910 5.245972e-01 2.800619e-02 1.586052e-02 1.744221e-02 1.122334e-03
1920 5.273438e-01 2.675132e-02 1.409958e-02 1.711358e-02 1.072046e-03
1930 5.300903e-01 2.591268e-02 1.251165e-02 1.748628e-02 1.038438e-03
1940 5.328369e-01 2.546117e-02 1.124639e-02 1.836359e-02 1.020344e-03
1950 5.355835e-01 2.529974e-02 1.043260e-02 1.948571e-02 1.013875e-03
1960 5.383301e-01 2.529771e-02 1.012766e-02 2.060868e-02 1.013793e-03
1970 5.410767e-01 2.532666e-02 1.028006e-02 2.154125e-02 1.014953e-03
1980 5.438232e-01 2.528454e-02 1.075159e-02 2.215143e-02 1.013265e-03
1990 5.465698e-01 2.510545e-02 1.138063e-02 2.236148e-02 1.006089e-03
2000 5.493164e-01 2.475884e-02 1.202967e-02 2.214056e-02 9.921982e-04
2010 5.520630e-01 2.424296e-02 1.259907e-02 2.149748e-02 9.715248e-04
2020 5.548096e-01 2.357601e-02 1.302244e-02 2.047379e-02 9.447969e-04
2030 5.575562e-01 2.278699e-02 1.325821e-02 1.913733e-02 9.131774e-04
2040 5.603027e-01 2.190806e-02 1.328299e-02 1.757656e-02 8.779547e-04
2050 5.630493e-01 2.096926e-02 1.308760e-02 1.589596e-02 8.403326e-04
2060 5.657959e-01 1.999647e-02 1.267540e-02 1.421308e-02 8.013487e-04
2070 5.685425e-01 1.901252e-02 1.206189e-02 1.265585e-02 7.619172e-04
2080 5.712891e-01 1.804045e-02 1.127496e-02 1.135657e-02 7.229622e-04
2090 5.740356e-01 1.710753e-02 1.035558e-02 1.043409e-02 6.855759e-04
2100 5.767822e-01 1.624767e-02 9.358424e-03 9.959115e-03 6.511175e-04
2110 5.795288e-01 1.550037e-02 8.352729e-03 9.918672e-03 6.211696e-04
2120 5.822754e-01 1.490454e-02 7.422101e-03 1.021647e-02 5.972922e-04
2130 5.850220e-01 1.448795e-02 6.659865e-03 1.071528e-02 5.805974e-04
2140 5.877686e-01 1.425560e-02 6.152290e-03 1.128322e-02 5.712860e-04
2150 5.905151e-01 1.418318e-02 5.945756e-03 1.181634e-02 5.683838e-04
2160 5.932617e-01 1.421983e-02 6.017670e-03 1.224104e-02 5.698526e-04
2170 5.960083e-01 1.429935e-02 6.285189e-03 1.250909e-02 5.730393e-04
2180 5.987549e-01 1.435451e-02 6.645999e-03 1.259196e-02 5.752498e-04
2190 6.015015e-01 1.432917e-02 7.012146e-03 1.247659e-02 5.742346e-04
2200 6.042480e-01 1.418562e-02 7.321332e-03 1.216283e-02 5.684818e-04
2210 6.069946e-01 1.390708e-02 7.534864e-03 1.166183e-02 5.573194e-04
2220 6.097412e-01 1.349662e-02 7.632152e-03 1.099535e-02 5.408704e-04
2230 6.124878e-01 1.297364e-02 7.605738e-03 1.019548e-02 5.199124e-04
2240 6.152344e-01 1.236908e-02 7.457622e-03 9.305027e-03 4.956847e-04
2250 6.179810e-01 1.172009e-02 7.196741e-03 8.378284e-03 4.696768e-04
2260 6.207275e-01 1.106505e-02 6.837304e-03 7.481874e-03 4.434265e-04
2270 6.234741e-01 1.043924e-02 6.397810e-03 6.693860e-03 4.183472e-04
2280 6.262207e-01 9.871599e-03 5.900635e-03 6.096181e-03 3.955994e-04
2290 6.289673e-01 9.382813e-03 5.372156e-03 5.753730e-03 3.760116e-04
2300 6.317139e-01 8.984498e-03 4.843319e-03 5.683696e-03 3.600493e-04
2310 6.344604e-01 8.679433e-03 4.350236e-03 5.841152e-03 3.478240e-04
2320 6.372070e-01 8.462469e-03 3.933518e-03 6.140497e-03 3.391293e-04
2330 6.399536e-01 8.321865e-03 3.633554e-03 6.491662e-03 3.334946e-04
2340 6.427002e-01 8.240878e-03 3.479064e-03 6.822253e-03 3.302491e-04
2350 6.454468e-01 8.199503e-03 3.472794e-03 7.082487e-03 3.285910e-04
2360 6.481934e-01 8.176284e-03 3.587054e-03 7.242175e-03 3.276605e-04
2370 6.509399e-01 8.150091e-03 3.775329e-03 7.286169e-03 3.266108e-04
2380 6.536865e-01 8.101748e-03 3.989013e-03 7.210473e-03 3.246736e-04
2390 6.564331e-01 8.015435e-03 4.187613e-03 7.019353e-03 3.212146e-04
2400 6.591797e-01 7.879778e-03 4.341549e-03 6.723333e-03 3.157782e-04
2410 6.619263e-01 7.688641e-03 4.431426e-03 6.337898e-03 3.081185e-04
2420 6.646729e-01 7.441605e-03 4.446482e-03 5.882818e-03 2.982186e-04
2430 6.674194e-01 7.144122e-03 4.383141e-03 5.382025e-03 2.862972e-04
2440 6.701660e-01 6.807334e-03 4.243850e-03 4.863973e-03 2.728005e-04
2450 6.729126e-01 6.447434e-03 4.036139e-03 4.362240e-03 2.583777e-04
2460 6.756592e-01 6.084464e-03 3.771854e-03 3.915552e-03 2.438319e-04
2470 6.784058e-01 5.740341e-03 3.466577e-03 3.565143e-03 2.300413e-04
2480 6.811523e-01 5.436018e-03 3.139250e-03 3.346247e-03 2.178457e-04
2490 6.838989e-01 5.187977e-03 2.811993e-03 3.273873e-03 2.079056e-04
2500 6.866455e-01 5.004852e-03 2.509846e-03 3.332710e-03 2.005670e-04
2510 6.893921e-01 4.885516e-03 2.259523e-03 3.482839e-03 1.957846e-04
2520 6.921387e-01 4.819707e-03 2.085399e-03 3.676465e-03 1.931474e-04
2530 6.948853e-01 4.791065e-03 2.001689e-03 3.871369e-03 1.919995e-04
2540 6.976318e-01 4.781196e-03 2.004813e-03 4.035917e-03 1.916041e-04
2550 7.003784e-01 4.773152e-03 2.073929e-03 4.148882e-03 1.912817e-04
2560 7.031250e-01 4.753480e-03 2.180298e-03 4.197683e-03 1.904934e-04
2570 7.058716e-01 4.712884e-03 2.296898e-03 4.176625e-03 1.888665e-04
2580 7.086182e-01 4.645962e-03 2.402831e-03 4.085524e-03 1.861846e-04
2590 7.113647e-01 4.550542e-03 2.483670e-03 3.928704e-03 1.823607e-04
2600 7.141113e-01 4.426955e-03 2.530342e-03 3.714280e-03 1.774080e-04
2610 7.168579e-01 4.277484e-03 2.537918e-03 3.453689e-03 1.714180e-04
2620 7.196045e-01 4.106022e-03 2.504700e-03 3.161443e-03 1.645468e-04
2630 7.223511e-01 3.917945e-03 2.431609e-03 2.855117e-03 1.570097e-04
2640 7.250977e-01 3.720071e-03 2.321810e-03 2.555474e-03 1.490800e-04
2650 7.278442e-01 3.520593e-03 2.180494e-03 2.286320e-03 1.410860e-04
2660 7.305908e-01 3.328792e-03 2.014794e-03 2.072900e-03 1.333997e-04
2670 7.333374e-01 3.154359e-03 1.833831e-03 1.936923e-03 1.264094e-04
2680 7.360840e-01 3.006223e-03 1.648849e-03 1.888063e-03 1.204729e-04
2690 7.388306e-01 2.890967e-03 1.473355e-03 1.917713e-03 1.158541e-04
2700 7.415771e-01 2.811250e-03 1.322781e-03 2.002310e-03 1.126595e-04
2710 7.443237e-01 2.764907e-03 1.212670e-03 2.113540e-03 1.108023e-04
2720 7.470703e-01 2.745257e-03 1.154223e-03 2.226535e-03 1.100148e-04
2730 7.498169e-01 2.742577e-03 1.148649e-03 2.322807e-03 1.099074e-04
2740 7.525635e-01 2.746106e-03 1.185528e-03 2.390017e-03 1.100489e-04
2750 7.553101e-01 2.745860e-03 1.247713e-03 2.420820e-03 1.100390e-04
2760 7.580566e-01 2.733834e-03 1.317966e-03 2.411779e-03 1.095571e-04
2770 7.608032e-01 2.704577e-03 1.382631e-03 2.362555e-03 1.083846e-04
2780 7.635498e-01 2.655275e-03 1.432299e-03 2.275347e-03 1.064088e-04
2790 7.662964e-01 2.585554e-03 1.461214e-03 2.154517e-03 1.036148e-04
2800 7.690430e-01 2.497127e-03 1.466467e-03 2.006357e-03 1.000711e-04
2810 7.717896e-01 2.393381e-03 1.447329e-03 1.838982e-03 9.591356e-05
2820 7.745361e-01 2.278957e-03 1.404756e-03 1.662340e-03 9.132808e-05
2830 7.772827e-01 2.159330e-03 1.341038e-03 1.488304e-03 8.653407e-05
2840 7.800293e-01 2.040385e-03 1.259560e-03 1.330618e-03 8.176742e-05
2850 7.827759e-01 1.927973e-03 1.164675e-03 1.204053e-03 7.726256e-05
2860 7.855225e-01 1.827403e-03 1.061655e-03 1.121656e-03 7.323229e-05
2870 7.882690e-01 1.742887e-03 9.567368e-04 1.089810e-03 6.984535e-05
2880 7.910156e-01 1.676983e-03 8.571823e-04 1.104272e-03 6.720426e-05
2890 7.937622e-01 1.630191e-03 7.711376e-04 1.151700e-03 6.532908e-05
2900 7.965088e-01 1.600868e-03 7.068018e-04 1.215588e-03 6.415398e-05
2910 7.992554e-01 1.585545e-03 6.703363e-04 1.281269e-03 6.353994e-05
2920 8.020020e-01 1.579563e-03 6.630351e-04 1.337811e-03 6.330021e-05
2930 8.047485e-01 1.577820e-03 6.801404e-04 1.377926e-03 6.323036e-05
2940 8.074951e-01 1.575439e-03 7.128878e-04 1.397279e-03 6.313495e-05
2950 8.102417e-01 1.568243e-03 7.518844e-04 1.393825e-03 6.284654e-05
2960 8.129883e-01 1.553036e-03 7.892856e-04 1.367310e-03 6.223717e-05
2970 8.157349e-01 1.527747e-03 8.194004e-04 1.318918e-03 6.122370e-05
2980 8.184814e-01 1.491456e-03 8.385076e-04 1.251049e-03 5.976937e-05
2990 8.212280e-01 1.444373e-03 8.444868e-04 1.167175e-03 5.788252e-05
3000 8.239746e-01 1.387756e-03 8.364902e-04 1.071782e-03 5.561365e-05
3010 8.267212e-01 1.323799e-03 8.146974e-04 9.703817e-04 5.305060e-05
3020 8.294678e-01 1.255461e-03 7.801413e-04 8.695878e-04 5.031199e-05
3030 8.322144e-01 1.186247e-03 7.345873e-04 7.771303e-04 4.753825e-05
3040 8.349609e-01 1.119903e-03 6.804590e-04 7.014896e-04 4.487957e-05
3050 8.377075e-01 1.060029e-03 6.208066e-04 6.504964e-04 4.248015e-05
3060 8.404541e-01 1.009600e-03 5.593167e-04 6.285728e-04 4.045922e-05
3070 8.432007e-01 9.704849e-04 5.003334e-04 6.341386e-04 3.889170e-05
3080 8.459473e-01 9.430983e-04 4.487761e-04 6.599824e-04 3.779420e-05
3090 8.486938e-01 9.263394e-04 4.096663e-04 6.965405e-04 3.712259e-05
3100 8.514404e-01 9.178797e-04 3.868994e-04 7.350310e-04 3.678357e-05
3110 8.541870e-01 9.146889e-04 3.814973e-04 7.687880e-04 3.665571e-05
3120 8.569336e-01 9.136006e-04 3.907821e-04 7.933159e-04 3.661209e-05
3130 8.596802e-01 9.117523e-04 4.095643e-04 8.059123e-04 3.653802e-05
3140 8.624268e-01 9.068440e-04 4.322356e-04 8.052728e-04 3.634132e-05
3150 8.651733e-01 8.972406e-04 4.541322e-04 7.911845e-04 3.595647e-05
3160 8.679199e-01 8.819743e-04 4.719032e-04 7.643062e-04 3.534468e-05
3170 8.706665e-01 8.606989e-04 4.833814e-04 7.260178e-04 3.449208e-05
3180 8.734131e-01 8.336266e-04 4.873427e-04 6.783213e-04 3.340717e-05
3190 8.761597e-01 8.014629e-04 4.832964e-04 6.237902e-04 3.211823e-05
3200 8.789063e-01 7.653437e-04 4.713333e-04 5.655643e-04 3.067077e-05
3210 8.816528e-01 7.267686e-04 4.520198e-04 5.073814e-04 2.912489e-05
3220 8.843994e-01 6.875190e-04 4.263285e-04 4.535932e-04 2.755198e-05
3230 8.871460e-01 6.495451e-04 3.955981e-04 4.089914e-04 2.603020e-05
3240 8.898926e-01 6.148011e-04 3.615184e-04 3.780978e-04 2.463785e-05
3250 8.926392e-01 5.850194e-04 3.261405e-04 3.636850e-04 2.344436e-05
3260 8.953857e-01 5.614426e-04 2.918971e-04 3.652436e-04 2.249954e-05
3270 8.981323e-01 5.445768e-04 2.615747e-04 3.789686e-04 2.182364e-05
3280 9.008789e-01 5.340654e-04 2.380848e-04 3.994829e-04 2.140241e-05
3290 9.036255e-01 5.287585e-04 2.238130e-04 4.216788e-04 2.118973e-05
3300 9.063721e-01 5.269632e-04 2.196067e-04 4.415872e-04 2.111779e-05
3310 9.091187e-01 5.267780e-04 2.241696e-04 4.564737e-04 2.111037e-05
3320 9.118652e-01 5.263968e-04 2.346116e-04 4.646458e-04 2.109509e-05
3330 9.146118e-01 5.243171e-04 2.476591e-04 4.652326e-04 2.101175e-05
3340 9.173584e-01 5.194466e-04 2.605229e-04 4.580113e-04 2.081657e-05
3350 9.201050e-01 5.111306e-04 2.711706e-04 4.432828e-04 2.048330e-05
3360 9.228516e-01 4.991325e-04 2.782728e-04 4.217851e-04 2.000249e-05
3370 9.255981e-01 4.835898e-04 2.810657e-04 3.946370e-04 1.937962e-05
3380 9.283447e-01 4.649602e-04 2.792267e-04 3.633062e-04 1.863305e-05
3390 9.310913e-01 4.439639e-04 2.727809e-04 3.296031e-04 1.779163e-05
3400 9.338379e-01 4.215252e-04 2.620367e-04 2.956948e-04 1.689241e-05
3410 9.365845e-01 3.987094e-04 2.475411e-04 2.641137e-04 1.597808e-05
3420 9.393311e-01 3.766486e-04 2.300539e-04 2.376649e-04 1.509401e-05
3430 9.420776e-01 3.564479e-04 2.105356e-04 2.190358e-04 1.428447e-05
3440 9.448242e-01 3.390678e-04 1.901519e-04 2.099508e-04 1.358797e-05
3450 9.475708e-01 3.251902e-04 1.702841e-04 2.102454e-04 1.303184e-05
3460 9.503174e-01 3.150981e-04 1.525190e-04 2.177878e-04 1.262740e-05
3470 9.530640e-01 3.086148e-04 1.385340e-04 2.294609e-04 1.236759e-05
3480 9.558105e-01 3.051375e-04 1.297511e-04 2.422683e-04 1.222824e-05
3490 9.585571e-01 3.037615e-04 1.267649e-04 2.538752e-04 1.217309e-05
3500 9.613037e-01 3.034495e-04 1.289479e-04 2.626740e-04 1.216059e-05
3510 9.640503e-01 3.031912e-04 1.347001e-04 2.676696e-04 1.215024e-05
3520 9.667969e-01 3.021189e-04 1.421333e-04 2.683454e-04 1.210727e-05
3530 9.695435e-01 2.995726e-04 1.496036e-04 2.645576e-04 1.200522e-05
3540 9.722900e-01 2.951253e-04 1.558962e-04 2.564598e-04 1.182700e-05
3550 9.750366e-01 2.885825e-04 1.602076e-04 2.444525e-04 1.156480e-05
3560 9.777832e-01 2.799670e-04 1.620675e-04 2.291497e-04 1.121954e-05
3570 9.805298e-01 2.694962e-04 1.612668e-04 2.113623e-04 1.079993e-05
3580 9.832764e-01 2.575550e-04 1.578017e-04 1.920954e-04 1.032139e-05
3590 9.860229e-01 2.446650e-04 1.518351e-04 1.725587e-04 9.804829e-06
3600 9.887695e-01 2.314478e-04 1.436702e-04 1.541762e-04 9.275157e-06
3610 9.915161e-01 2.185792e-04 1.337338e-04 1.385476e-04 8.759453e-06
3620 9.942627e-01 2.067295e-04 1.225685e-04 1.272516e-04 8.284581e-06
3630 9.970093e-01 1.964884e-04 1.108337e-04 1.213853e-04 7.874174e-06
3640 9.997559e-01 1.882799e-04 9.931217e-05 1.210053e-04 7.545224e-06
3650 1.002502e+00 1.822869e-04 8.890661e-05 1.249962e-04 7.305059e-06
3660 1.005249e+00 1.784139e-04 8.058305e-05 1.315857e-04 7.149850e-06
3670 1.007996e+00 1.763094e-04 7.518868e-05 1.390067e-04 7.065512e-06
3680 1.010742e+00 1.754435e-04 7.313028e-05 1.458550e-04 7.030811e-06
3690 1.013489e+00 1.752118e-04 7.412052e-05 1.511517e-04 7.021526e-06
3700 1.016235e+00 1.750302e-04 7.728028e-05 1.542839e-04 7.014248e-06
3710 1.018982e+00 1.744013e-04 8.152220e-05 1.549267e-04 6.989046e-06
3720 1.021729e+00 1.729493e-04 8.587620e-05 1.529795e-04 6.930860e-06
3730 1.024475e+00 1.704314e-04 8.961480e-05 1.485197e-04 6.829955e-06
3740 1.027222e+00 1.667346e-04 9.225007e-05 1.417717e-04 6.681806e-06
3750 1.029968e+00 1.618655e-04 9.349084e-05 1.330850e-04 6.486681e-06
3760 1.032715e+00 1.559376e-04 9.320011e-05 1.229223e-04 6.249121e-06
3770 1.035461e+00 1.491563e-04 9.136265e-05 1.118566e-04 5.977366e-06
3780 1.038208e+00 1.418043e-04 8.806202e-05 1.005753e-04 5.682736e-06
3790 1.040955e+00 1.342230e-04 8.346487e-05 8.988606e-05 5.378919e-06
3800 1.043701e+00 1.267902e-04 7.781092e-05 8.069873e-05 5.081055e-06
3810 1.046448e+00 1.198893e-04 7.140808e-05 7.392474e-05 4.804503e-06
3820 1.049194e+00 1.138678e-04 6.463248e-05 7.022962e-05 4.563196e-06
3830 1.051941e+00 1.089890e-04 5.793186e-05 6.971016e-05 4.367678e-06
3840 1.054688e+00 1.053840e-04 5.182464e-05 7.178563e-05 4.223212e-06
3850 1.057434e+00 1.030240e-04 4.687137e-05 7.546195e-05 4.128636e-06
3860 1.060181e+00 1.017251e-04 4.357688e-05 7.971547e-05 4.076583e-06
3870 1.062927e+00 1.011892e-04 4.220806e-05 8.371682e-05 4.055105e-06
3880 1.065674e+00 1.010638e-04 4.263494e-05 8.687949e-05 4.050083e-06
3890 1.068420e+00 1.010012e-04 4.436984e-05 8.882995e-05 4.047574e-06
3900 1.071167e+00 1.007009e-04 4.678431e-05 8.936335e-05 4.035537e-06
3910 1.073914e+00 9.993336e-05 4.930707e-05 8.840664e-05 4.004780e-06
3920 1.076660e+00 9.854898e-05 5.150572e-05 8.599183e-05 3.949301e-06
3930 1.079407e+00 9.647640e-05 5.308848e-05 8.223740e-05 3.866244e-06
3940 1.082153e+00 9.371641e-05 5.387959e-05 7.733603e-05 3.755639e-06
3950 1.084900e+00 9.033333e-05 5.379403e-05 7.154732e-05 3.620064e-06
3960 1.087646e+00 8.644565e-05 5.281789e-05 6.519556e-05 3.464267e-06
3970 1.090393e+00 8.221615e-05 5.099465e-05 5.867189e-05 3.294771e-06
3980 1.093140e+00 7.784098e-05 4.841572e-05 5.243784e-05 3.119439e-06
3990 1.095886e+00 7.353653e-05 4.521450e-05 4.701710e-05 2.946940e-06
4000 1.098633e+00 6.952225e-05 4.156343e-05 4.294363e-05 2.786070e-06
4010 1.101379e+00 6.599833e-05 3.767390e-05 4.062626e-05 2.644850e-06
4020 1.104126e+00 6.311888e-05 3.379844e-05 4.015906e-05 2.529458e-06
4030 1.106873e+00 6.096554e-05 3.023098e-05 4.123871e-05 2.443164e-06
4040 1.109619e+00 5.953061e-05 2.729343e-05 4.330130e-05 2.385660e-06
4050 1.112366e+00 5.871800e-05 2.528469e-05 4.574819e-05 2.353095e-06
4060 1.115112e+00 5.836402e-05 2.437933e-05 4.808705e-05 2.338909e-06
4070 1.117859e+00 5.827013e-05 2.452885e-05 4.996690e-05 2.335147e-06
4080 1.120605e+00 5.823623e-05 2.546924e-05 5.116254e-05 2.333788e-06
4090 1.123352e+00 5.808605e-05 2.683999e-05 5.154855e-05 2.327770e-06
4100 1.126099e+00 5.768197e-05 2.830414e-05 5.107719e-05 2.311576e-06
4110 1.128845e+00 5.693117e-05 2.960261e-05 4.976227e-05 2.281489e-06
4120 1.131592e+00 5.578592e-05 3.055859e-05 4.766795e-05 2.235593e-06
4130 1.134338e+00 5.424069e-05 3.106414e-05 4.490132e-05 2.173669e-06
4140 1.137085e+00 5.232775e-05 3.106533e-05 4.160804e-05 2.097009e-06
4150 1.139832e+00 5.011200e-05 3.055062e-05 3.797076e-05 2.008213e-06
4160 1.142578e+00 4.768538e-05 2.954247e-05 3.421033e-05 1.910968e-06
4170 1.145325e+00 4.516054e-05 2.809165e-05 3.058807e-05 1.809786e-06
4180 1.148071e+00 4.266308e-05 2.627345e-05 2.740241e-05 1.709702e-06
4190 1.150818e+00 4.032154e-05 2.418571e-05 2.496294e-05 1.615866e-06
4200 1.153564e+00 3.825434e-05 2.194859e-05 2.351776e-05 1.533024e-06
4210 1.156311e+00 3.655414e-05 1.970552e-05 2.314417e-05 1.464889e-06
4220 1.159058e+00 3.527224e-05 1.762372e-05 2.368954e-05 1.413518e-06
4230 1.161804e+00 3.440824e-05 1.588756e-05 2.483822e-05 1.378893e-06
4240 1.164551e+00 3.390998e-05 1.467205e-05 2.624208e-05 1.358926e-06
4250 1.167297e+00 3.368509e-05 1.408699e-05 2.760899e-05 1.349913e-06
4260 1.170044e+00 3.361980e-05 1.411780e-05 2.872810e-05 1.347297e-06
4270 1.172791e+00 3.359842e-05 1.462241e-05 2.946256e-05 1.346440e-06
4280 1.175537e+00 3.351827e-05 1.539564e-05 2.973468e-05 1.343228e-06
4290 1.178284e+00 3.329852e-05 1.624053e-05 2.951281e-05 1.334422e-06
4300 1.181030e+00 3.288386e-05 1.700326e-05 2.880172e-05 1.317805e-06
4310 1.183777e+00 3.224478e-05 1.757761e-05 2.763586e-05 1.292194e-06
4320 1.186523e+00 3.137591e-05 1.789772e-05 2.607481e-05 1.257374e-06
4330 1.189270e+00 3.029360e-05 1.792951e-05 2.420063e-05 1.214001e-06
4340 1.192017e+00 2.903305e-05 1.766380e-05 2.211667e-05 1.163485e-06
4350 1.194763e+00 2.764524e-05 1.711144e-05 1.994818e-05 1.107869e-06
4360 1.197510e+00 2.619353e-05 1.629987e-05 1.784353e-05 1.049693e-06
4370 1.200256e+00 2.474937e-05 1.527094e-05 1.597299e-05 9.918188e-07
4380 1.203003e+00 2.338686e-05 1.407968e-05 1.451568e-05 9.372169e-07
4390 1.205750e+00 2.217542e-05 1.279405e-05 1.362075e-05 8.886690e-07
4400 1.208496e+00 2.117081e-05 1.149553e-05 1.334505e-05 8.484099e-07
4410 1.211243e+00 2.040591e-05 1.027949e-05 1.361330e-05 8.177566e-07
4420 1.213989e+00 1.988403e-05 9.252075e-06 1.424967e-05 7.968428e-07
4430 1.216736e+00 1.957811e-05 8.516341e-06 1.505246e-05 7.845830e-07
4440 1.219482e+00 1.943662e-05 8.141422e-06 1.584891e-05 7.789128e-07
4450 1.222229e+00 1.939430e-05 8.126877e-06 1.651279e-05 7.772168e-07
4460 1.224976e+00 1.938366e-05 8.396533e-06 1.696126e-05 7.767905e-07
4470 1.227722e+00 1.934408e-05 8.833191e-06 1.714642e-05 7.752045e-07
4480 1.230469e+00 1.922735e-05 9.321241e-06 1.704755e-05 7.705267e-07
4490 1.233215e+00 1.900006e-05 9.769090e-06 1.666544e-05 7.614180e-07
4500 1.235962e+00 1.864385e-05 1.011293e-05 1.601831e-05 7.471431e-07
4510 1.238708e+00 1.815455e-05 1.031278e-05 1.513911e-05 7.275346e-07
4520 1.241455e+00 1.754068e-05 1.034752e-05 1.407390e-05 7.029339e-07
4530 1.244202e+00 1.682177e-05 1.021068e-05 1.288105e-05 6.741240e-07
4540 1.246948e+00 1.602657e-05 9.907570e-06 1.163153e-05 6.422568e-07
4550 1.249695e+00 1.519104e-05 9.453205e-06 1.040960e-05 6.087734e-07
4560 1.252441e+00 1.435599e-05 8.870949e-06 9.312399e-06 5.753094e-07
4570 1.255188e+00 1.356401e-05 8.191774e-06 8.443485e-06 5.435711e-07
4580 1.257935e+00 1.285541e-05 7.454069e-06 7.892156e-06 5.151742e-07
4590 1.260681e+00 1.226319e-05 6.703942e-06 7.698087e-06 4.914412e-07
4600 1.263428e+00 1.180774e-05 5.995514e-06 7.825372e-06 4.731893e-07
4610 1.266174e+00 1.149280e-05 5.389492e-06 8.176513e-06 4.605682e-07
4620 1.268921e+00 1.130455e-05 4.946059e-06 8.634849e-06 4.530241e-07
4630 1.271667e+00 1.121462e-05 4.708060e-06 9.098315e-06 4.494204e-07
4640 1.274414e+00 1.118603e-05 4.679949e-06 9.491393e-06 4.482745e-07
4650 1.277161e+00 1.117978e-05 4.821692e-06 9.764020e-06 4.480243e-07
4660 1.279907e+00 1.116034e-05 5.066935e-06 9.886770e-06 4.472451e-07
4670 1.282654e+00 1.109900e-05 5.348114e-06 9.846300e-06 4.447869e-07
4680 1.285400e+00 1.097549e-05 5.610762e-06 9.641930e-06 4.398373e-07
4690 1.288147e+00 1.077825e-05 5.816487e-06 9.283233e-06 4.319331e-07
4700 1.290894e+00 1.050399e-05 5.940948e-06 8.788418e-06 4.209421e-07
4710 1.293640e+00 1.015687e-05 5.970938e-06 8.183301e-06 4.070315e-07
4720 1.296387e+00 9.747567e-06 5.901953e-06 7.500848e-06 3.906289e-07
4730 1.299133e+00 9.292227e-06 5.736428e-06 6.781242e-06 3.723814e-07
4740 1.301880e+00 8.811308e-06 5.482505e-06 6.072311e-06 3.531088e-07
4750 1.304626e+00 8.328233e-06 5.153222e-06 5.429453e-06 3.337498e-07
4760 1.307373e+00 7.867639e-06 4.766040e-06 4.912421e-06 3.152917e-07
4770 1.310120e+00 7.453082e-06 4.342696e-06 4.574410e-06 2.986786e-07
4780 1.312866e+00 7.104165e-06 3.909353e-06 4.442119e-06 2.846959e-07
4790 1.315613e+00 6.833455e-06 3.496792e-06 4.499240e-06 2.738473e-07
4800 1.318359e+00 6.644050e-06 3.139760e-06 4.692036e-06 2.662570e-07
4810 1.321106e+00 6.528874e-06 2.873327e-06 4.953197e-06 2.616414e-07
4820 1.323853e+00 6.472223e-06 2.723746e-06 5.222498e-06 2.593711e-07
4830 1.326599e+00 6.453076e-06 2.696152e-06 5.454808e-06 2.586038e-07
4840 1.329346e+00 6.448941e-06 2.769719e-06 5.619908e-06 2.584381e-07
4850 1.332092e+00 6.439062e-06 2.906997e-06 5.699779e-06 2.580422e-07
4860 1.334839e+00 6.406495e-06 3.068606e-06 5.685915e-06 2.567371e-07
4870 1.337585e+00 6.339084e-06 3.222241e-06 5.577278e-06 2.540357e-07
4880 1.340332e+00 6.229686e-06 3.344878e-06 5.378861e-06 2.496516e-07
4890 1.343079e+00 6.075940e-06 3.421756e-06 5.100704e-06 2.434903e-07
4900 1.345825e+00 5.879821e-06 3.444686e-06 4.757277e-06 2.356309e-07
4910 1.348572e+00 5.647102e-06 3.410619e-06 4.367181e-06 2.263048e-07
4920 1.351318e+00 5.386770e-06 3.320588e-06 3.953155e-06 2.158722e-07
4930 1.354065e+00 5.110378e-06 3.178976e-06 3.542321e-06 2.047959e-07
4940 1.356812e+00 4.831285e-06 2.993028e-06 3.166214e-06 1.936114e-07
4950 1.359558e+00 4.563684e-06 2.772557e-06 2.859221e-06 1.828874e-07
4960 1.362305e+00 4.321310e-06 2.529848e-06 2.652853e-06 1.731744e-07
4970 1.365051e+00 4.115806e-06 2.279724e-06 2.564607e-06 1.649389e-07
4980 1.367798e+00 3.954932e-06 2.039675e-06 2.587695e-06 1.584919e-07
4990 1.370544e+00 3.841082e-06 1.829571e-06 2.692764e-06 1.539294e-07
5000 1.373291e+00 3.770748e-06 1.669809e-06 2.841134e-06 1.511108e-07
5010 1.376038e+00 3.735282e-06 1.576377e-06 2.997334e-06 1.496896e-07
5020 1.378784e+00 3.722744e-06 1.553721e-06 3.134409e-06 1.491871e-07
5030 1.381531e+00 3.720125e-06 1.591207e-06 3.234121e-06 1.490822e-07
5040 1.384277e+00 3.715272e-06 1.667792e-06 3.285438e-06 1.488877e-07
5050 1.387024e+00 3.698149e-06 1.760553e-06 3.282958e-06 1.482015e-07
5060 1.389771e+00 3.661463e-06 1.850335e-06 3.225691e-06 1.467313e-07
5070 1.392517e+00 3.600820e-06 1.923332e-06 3.116197e-06 1.443011e-07
5080 1.395264e+00 3.514607e-06 1.970594e-06 2.959999e-06 1.408462e-07
5090 1.398010e+00 3.403745e-06 1.987061e-06 2.765203e-06 1.364034e-07
5100 1.400757e+00 3.271371e-06 1.970708e-06 2.542310e-06 1.310986e-07
5110 1.403503e+00 3.122507e-06 1.921920e-06 2.304197e-06 1.251329e-07
5120 1.406250e+00 2.963683e-06 1.843048e-06 2.066256e-06 1.187681e-07
5130 1.408997e+00 2.802519e-06 1.738115e-06 1.846439e-06 1.123096e-07
5140 1.411743e+00 2.647171e-06 1.612639e-06 1.664512e-06 1.060841e-07
5150 1.414490e+00 2.505614e-06 1.473564e-06 1.539056e-06 1.004113e-07
5160 1.417236e+00 2.384721e-06 1.329289e-06 1.481290e-06 9.556652e-08
5170 1.419983e+00 2.289232e-06 1.189749e-06 1.488794e-06 9.173982e-08
5180 1.422729e+00 2.220865e-06 1.066292e-06 1.545650e-06 8.900008e-08
5190 1.425476e+00 2.177942e-06 9.707486e-07 1.629706e-06 8.727993e-08
5200 1.428223e+00 2.155740e-06 9.127756e-07 1.720119e-06 8.639022e-08
5210 1.430969e+00 2.147514e-06 8.957631e-07 1.800821e-06 8.606056e-08
5220 1.433716e+00 2.145770e-06 9.144011e-07 1.860827e-06 8.599068e-08
5230 1.436462e+00 2.143409e-06 9.569300e-07 1.893404e-06 8.589603e-08
5240 1.439209e+00 2.134490e-06 1.010045e-06 1.895146e-06 8.553863e-08
5250 1.441956e+00 2.114634e-06 1.062410e-06 1.865250e-06 8.474292e-08
5260 1.444702e+00 2.081134e-06 1.105753e-06 1.805004e-06 8.340042e-08
5270 1.447449e+00 2.032900e-06 1.134659e-06 1.717430e-06 8.146748e-08
5280 1.450195e+00 1.970322e-06 1.146008e-06 1.607060e-06 7.895968e-08
5290 1.452942e+00 1.895091e-06 1.138478e-06 1.479810e-06 7.594484e-08
5300 1.455688e+00 1.810007e-06 1.112163e-06 1.342969e-06 7.253514e-08
5310 1.458435e+00 1.718766e-06 1.068315e-06 1.205265e-06 6.887870e-08
5320 1.461182e+00 1.625717e-06 1.009166e-06 1.076914e-06 6.514981e-08
5330 1.463928e+00 1.535555e-06 9.378128e-07 9.692640e-07 6.153659e-08
5340 1.466675e+00 1.452913e-06 8.581791e-07 8.932386e-07 5.822479e-08
5350 1.469421e+00 1.381847e-06 7.750229e-07 8.559291e-07 5.537684e-08
5360 1.472168e+00 1.325236e-06 6.939845e-07 8.568073e-07 5.310816e-08
5370 1.474915e+00 1.284257e-06 6.215402e-07 8.873219e-07 5.146596e-08
5380 1.477661e+00 1.258132e-06 5.645337e-07 9.348248e-07 5.041900e-08
5390 1.480408e+00 1.244289e-06 5.287618e-07 9.870837e-07 4.986426e-08
5400 1.483154e+00 1.238922e-06 5.166411e-07 1.034526e-06 4.964919e-08
5410 1.485901e+00 1.237722e-06 5.255993e-07 1.070540e-06 4.960111e-08
5420 1.488647e+00 1.236551e-06 5.491030e-07 1.091023e-06 4.955415e-08
5430 1.491394e+00 1.231904e-06 5.794518e-07 1.093841e-06 4.936795e-08
5440 1.494141e+00 1.221164e-06 6.099445e-07 1.078398e-06 4.893752e-08
5450 1.496887e+00 1.202671e-06 6.356325e-07 1.045328e-06 4.819646e-08
5460 1.499634e+00 1.175708e-06 6.532401e-07 9.962833e-07 4.711592e-08
5470 1.502380e+00 1.140416e-06 6.608498e-07 9.337940e-07 4.570162e-08
5480 1.505127e+00 1.097699e-06 6.576051e-07 8.611955e-07 4.398975e-08
5490 1.507874e+00 1.049110e-06 6.434872e-07 7.826104e-07 4.204258e-08
5500 1.510620e+00 9.967352e-07 6.191566e-07 7.029871e-07 3.994367e-08
5510 1.513367e+00 9.430506e-07 5.858470e-07 6.281334e-07 3.779229e-08
5520 1.516113e+00 8.907546e-07 5.452983e-07 5.645525e-07 3.569655e-08
5530 1.518860e+00 8.425370e-07 4.997256e-07 5.186395e-07 3.376425e-08
5540 1.521606e+00 8.007867e-07 4.518248e-07 4.948154e-07 3.209113e-08
5550 1.524353e+00 7.672490e-07 4.047979e-07 4.932739e-07 3.074712e-08
5560 1.527100e+00 7.427129e-07 3.623384e-07 5.094745e-07 2.976385e-08
5570 1.529846e+00 7.268416e-07 3.283978e-07 5.362283e-07 2.912782e-08
5580 1.532593e+00 7.182433e-07 3.064356e-07 5.663737e-07 2.878325e-08
5590 1.535339e+00 7.147734e-07 2.980999e-07 5.942152e-07 2.864419e-08
5600 1.538086e+00 7.139554e-07 3.021953e-07 6.157769e-07 2.861141e-08
5610 1.540833e+00 7.133773e-07 3.151143e-07 6.285615e-07 2.858824e-08
5620 1.543579e+00 7.109731e-07 3.324129e-07 6.312366e-07 2.849190e-08
5630 1.546326e+00 7.051785e-07 3.501373e-07 6.233782e-07 2.825968e-08
5640 1.549072e+00 6.949823e-07 3.653301e-07 6.052871e-07 2.785107e-08
5650 1.551819e+00 6.799183e-07 3.760132e-07 5.778615e-07 2.724739e-08
5660 1.554565e+00 6.600224e-07 3.810107e-07 5.425132e-07 2.645007e-08
5670 1.557312e+00 6.357745e-07 3.797739e-07 5.011208e-07 2.547835e-08
5680 1.560059e+00 6.080374e-07 3.722480e-07 4.560166e-07 2.436680e-08
5690 1.562805e+00 5.779856e-07 3.587779e-07 4.100060e-07 2.316249e-08
5700 1.565552e+00 5.470292e-07 3.400438e-07 3.663908e-07 2.192192e-08
5710 1.568298e+00 5.167158e-07 3.170211e-07 3.288942e-07 2.070713e-08
5720 1.571045e+00 4.886041e-07 2.909601e-07 3.012491e-07 1.958057e-08
5730 1.573792e+00 4.640972e-07 2.633872e-07 2.861817e-07 1.859847e-08
5740 1.576538e+00 4.442480e-07 2.361197e-07 2.840868e-07 1.780302e-08
5750 1.579285e+00 4.295732e-07 2.112625e-07 2.925832e-07 1.721493e-08
5760 1.582031e+00 4.199446e-07 1.910935e-07 3.076013e-07 1.682907e-08
5770 1.584778e+00 4.146149e-07 1.776674e-07 3.249570e-07 1.661549e-08
5780 1.587524e+00 4.123807e-07 1.720757e-07 3.412665e-07 1.652595e-08
5790 1.590271e+00 4.118217e-07 1.737982e-07 3.541418e-07 1.650355e-08
5800 1.593018e+00 4.115336e-07 1.808566e-07 3.620659e-07 1.649201e-08
5810 1.595764e+00 4.102998e-07 1.906935e-07 3.642103e-07 1.644256e-08
5820 1.598511e+00 4.071863e-07 2.009795e-07 3.602837e-07 1.631779e-08
5830 1.601257e+00 4.015777e-07 2.099488e-07 3.504214e-07 1.609303e-08
5840 1.604004e+00 3.931736e-07 2.164078e-07 3.351094e-07 1.575624e-08
5850 1.606750e+00 3.819680e-07 2.196372e-07 3.151340e-07 1.530718e-08
5860 1.609497e+00 3.682132e-07 2.192883e-07 2.915521e-07 1.475596e-08
5870 1.612244e+00 3.523871e-07 2.153038e-07 2.656826e-07 1.412174e-08
5880 1.614990e+00 3.351511e-07 2.078617e-07 2.391155e-07 1.343101e-08
5890 1.617737e+00 3.173076e-07 1.973365e-07 2.137267e-07 1.271594e-08
5900 1.620483e+00 2.997445e-07 1.842744e-07 1.916456e-07 1.201211e-08
5910 1.623230e+00 2.833639e-07 1.693808e-07 1.750449e-07 1.135567e-08
5920 1.625977e+00 2.689894e-07 1.535201e-07 1.655909e-07 1.077962e-08
5930 1.628723e+00 2.572531e-07 1.377232e-07 1.636721e-07 1.030929e-08
5940 1.631470e+00 2.484877e-07 1.231887e-07 1.680593e-07 9.958022e-09
5950 1.634216e+00 2.426570e-07 1.112271e-07 1.764591e-07 9.724359e-09
5960 1.636963e+00 2.393626e-07 1.030530e-07 1.864326e-07 9.592339e-09
5970 1.639709e+00 2.379308e-07 9.937271e-08 1.959716e-07 9.534958e-09
5980 1.642456e+00 2.375485e-07 9.998489e-08 2.036430e-07 9.519638e-09
5990 1.645203e+00 2.374000e-07 1.038134e-07 2.085263e-07 9.513689e-09
6000 1.647949e+00 2.367699e-07 1.093918e-07 2.101086e-07 9.488436e-09
6010 1.650696e+00 2.351015e-07 1.153504e-07 2.081938e-07 9.421574e-09
6020 1.653442e+00 2.320210e-07 1.206359e-07 2.028378e-07 9.298129e-09
6030 1.656189e+00 2.273382e-07 1.245292e-07 1.943023e-07 9.110466e-09
6040 1.658936e+00 2.210327e-07 1.265905e-07 1.830244e-07 8.857774e-09
6050 1.661682e+00 2.132362e-07 1.265998e-07 1.695987e-07 8.545336e-09
6060 1.664429e+00 2.042120e-07 1.245089e-07 1.547706e-07 8.183696e-09
6070 1.667175e+00 1.943323e-07 1.204078e-07 1.394411e-07 7.787772e-09
6080 1.669922e+00 1.840527e-07 1.145021e-07 1.246758e-07 7.375819e-09
6090 1.672668e+00 1.738823e-07 1.070973e-07 1.116911e-07 6.968249e-09
6100 1.675415e+00 1.643432e-07 9.859135e-08 1.017483e-07 6.585972e-09
6110 1.678162e+00 1.559173e-07 8.947342e-08 9.585780e-08 6.248308e-09
6120 1.680908e+00 1.489837e-07 8.032836e-08 9.433384e-08 5.970446e-09
6130 1.683655e+00 1.437538e-07 7.183850e-08 9.655435e-08 5.760861e-09
6140 1.686401e+00 1.402288e-07 6.475674e-08 1.012334e-07 5.619598e-09
6150 1.689148e+00 1.381980e-07 5.979821e-08 1.069527e-07 5.538216e-09
6160 1.691895e+00 1.372852e-07 5.741204e-08 1.125224e-07 5.501635e-09
6170 1.694641e+00 1.370259e-07 5.753900e-08 1.170833e-07 5.491246e-09
6180 1.697388e+00 1.369469e-07 5.959881e-08 1.200776e-07 5.488079e-09
6190 1.700134e+00 1.366269e-07 6.275350e-08 1.211884e-07 5.475253e-09
6200 1.702881e+00 1.357360e-07 6.619907e-08 1.202864e-07 5.439552e-09
6210 1.705627e+00 1.340469e-07 6.930807e-08 1.173906e-07 5.371862e-09
6220 1.708374e+00 1.314401e-07 7.164763e-08 1.126410e-07 5.267395e-09
6230 1.711121e+00 1.278944e-07 7.294976e-08 1.062802e-07 5.125306e-09
6240 1.713867e+00 1.234777e-07 7.307613e-08 9.864224e-08 4.948310e-09
6250 1.716614e+00 1.183348e-07 7.199008e-08 9.014850e-08 4.742207e-09
6260 1.719360e+00 1.126743e-07 6.973627e-08 8.130939e-08 4.515365e-09
6270 1.722107e+00 1.067554e-07 6.642700e-08 7.272996e-08 4.278170e-09
6280 1.724854e+00 1.008695e-07 6.223302e-08 6.510456e-08 4.042297e-09
6290 1.727600e+00 9.531780e-08 5.737860e-08 5.916365e-08 3.819814e-09
6300 1.730347e+00 9.038251e-08 5.214055e-08 5.551560e-08 3.622034e-09
6310 1.733093e+00 8.628980e-08 4.685051e-08 5.439221e-08 3.458021e-09
6320 1.735840e+00 8.317276e-08 4.189665e-08 5.548644e-08 3.333107e-09
6330 1.738586e+00 8.104479e-08 3.771096e-08 5.808119e-08 3.247830e-09
6340 1.741333e+00 7.979568e-08 3.471290e-08 6.135399e-08 3.197773e-09
6350 1.744080e+00 7.921630e-08 3.318415e-08 6.460063e-08 3.174554e-09
6360 1.746826e+00 7.904178e-08 3.312333e-08 6.730654e-08 3.167560e-09
6370 1.749573e+00 7.899730e-08 3.422078e-08 6.913424e-08 3.165778e-09
6380 1.752319e+00 7.883644e-08 3.599941e-08 6.988852e-08 3.159331e-09
6390 1.755066e+00 7.836237e-08 3.798827e-08 6.948515e-08 3.140333e-09
6400 1.757813e+00 7.743826e-08 3.981396e-08 6.792728e-08 3.103300e-09
6410 1.760559e+00 7.598927e-08 4.121617e-08 6.528927e-08 3.045233e-09
6420 1.763306e+00 7.399727e-08 4.203175e-08 6.170548e-08 2.965404e-09
6430 1.766052e+00 7.149663e-08 4.217428e-08 5.736351e-08 2.865192e-09
6440 1.768799e+00 6.856731e-08 4.161728e-08 5.250132e-08 2.747801e-09
6450 1.771545e+00 6.532588e-08 4.038229e-08 4.740809e-08 2.617902e-09
6460 1.774292e+00 6.191938e-08 3.853047e-08 4.242727e-08 2.481389e-09
6470 1.777039e+00 5.851471e-08 3.615709e-08 3.795486e-08 2.344948e-09
6480 1.779785e+00 5.528551e-08 3.338848e-08 3.441301e-08 2.215539e-09
6490 1.782532e+00 5.239673e-08 3.038124e-08 3.216583e-08 2.099773e-09
6500 1.785278e+00 4.998303e-08 2.732342e-08 3.137510e-08 2.003045e-09
6510 1.788025e+00 4.812735e-08 2.443576e-08 3.189438e-08 1.928680e-09
6520 1.790771e+00 4.684460e-08 2.196576e-08 3.332615e-08 1.877274e-09
6530 1.793518e+00 4.607812e-08 2.015865e-08 3.519476e-08 1.846558e-09
6540 1.796265e+00 4.571183e-08 1.918901e-08 3.708406e-08 1.831879e-09
6550 1.799011e+00 4.559500e-08 1.907478e-08 3.868631e-08 1.827197e-09
6560 1.801758e+00 4.556851e-08 1.965263e-08 3.979743e-08 1.826135e-09
6570 1.804504e+00 4.548833e-08 2.065212e-08 4.029752e-08 1.822922e-09
6580 1.807251e+00 4.523712e-08 2.179793e-08 4.013228e-08 1.812855e-09
6590 1.809998e+00 4.473242e-08 2.286818e-08 3.929901e-08 1.792629e-09
6600 1.812744e+00 4.392792e-08 2.370644e-08 3.783678e-08 1.760390e-09
6610 1.815491e+00 4.280997e-08 2.421360e-08 3.581982e-08 1.715588e-09
6620 1.818237e+00 4.139520e-08 2.433582e-08 3.335342e-08 1.658892e-09
6630 1.820984e+00 3.972772e-08 2.405475e-08 3.057194e-08 1.592069e-09
6640 1.823730e+00 3.787247e-08 2.338029e-08 2.763913e-08 1.517720e-09
6650 1.826477e+00 3.591285e-08 2.234558e-08 2.474991e-08 1.439190e-09
6660 1.829224e+00 3.394436e-08 2.100370e-08 2.212997e-08 1.360304e-09
6670 1.831970e+00 3.206731e-08 1.942580e-08 2.002278e-08 1.285081e-09
6680 1.834717e+00 3.037757e-08 1.770044e-08 1.864514e-08 1.217366e-09
6690 1.837463e+00 2.895521e-08 1.593421e-08 1.810579e-08 1.160366e-09
6700 1.840210e+00 2.785158e-08 1.425257e-08 1.833841e-08 1.116138e-09
6710 1.842957e+00 2.707950e-08 1.279717e-08 1.912401e-08 1.085198e-09
6720 1.845703e+00 2.661014e-08 1.171098e-08 2.018836e-08 1.066388e-09
6730 1.848450e+00 2.637955e-08 1.110114e-08 2.128598e-08 1.057147e-09
6740 1.851196e+00 2.630179e-08 1.098862e-08 2.223290e-08 1.054031e-09
6750 1.853943e+00 2.628543e-08 1.128851e-08 2.290594e-08 1.053376e-09
6760 1.856689e+00 2.624542e-08 1.184817e-08 2.323160e-08 1.051772e-09
6770 1.859436e+00 2.611285e-08 1.250700e-08 2.317517e-08 1.046459e-09
6780 1.862183e+00 2.583797e-08 1.313335e-08 2.273241e-08 1.035444e-09
6790 1.864929e+00 2.539196e-08 1.363330e-08 2.192363e-08 1.017570e-09
6800 1.867676e+00 2.476496e-08 1.394669e-08 2.078982e-08 9.924435e-10
6810 1.870422e+00 2.396514e-08 1.404017e-08 1.938992e-08 9.603913e-10
6820 1.873169e+00 2.301635e-08 1.390129e-08 1.779979e-08 9.223690e-10
6830 1.875916e+00 2.195528e-08 1.353430e-08 1.611213e-08 8.798471e-10
6840 1.878662e+00 2.082862e-08 1.295706e-08 1.443754e-08 8.346967e-10
6850 1.881409e+00 1.969108e-08 1.219911e-08 1.290457e-08 7.891102e-10
6860 1.884155e+00 1.860054e-08 1.130049e-08 1.165341e-08 7.454074e-10
6870 1.886902e+00 1.761277e-08 1.031121e-08 1.081245e-08 7.058231e-10
6880 1.889648e+00 1.677531e-08 9.291727e-09 1.045295e-08 6.722621e-10
6890 1.892395e+00 1.611963e-08 8.313321e-09 1.054719e-08 6.459863e-10
6900 1.895142e+00 1.565552e-08 7.456994e-09 1.097551e-08 6.273870e-10
6910 1.897888e+00 1.536875e-08 6.805841e-09 1.158022e-08 6.158950e-10
6920 1.900635e+00 1.522395e-08 6.425052e-09 1.221678e-08 6.100921e-10
6930 1.903381e+00 1.517284e-08 6.332728e-09 1.277540e-08 6.080441e-10
6940 1.906128e+00 1.516233e-08 6.485528e-09 1.318173e-08 6.076228e-10
6950 1.908875e+00 1.514235e-08 6.797674e-09 1.339082e-08 6.068224e-10
6960 1.911621e+00 1.507285e-08 7.175746e-09 1.338069e-08 6.040369e-10
6970 1.914368e+00 1.492326e-08 7.541682e-09 1.314728e-08 5.980422e-10
6980 1.917114e+00 1.467653e-08 7.839179e-09 1.270101e-08 5.881548e-10
6990 1.919861e+00 1.432512e-08 8.031804e-09 1.206441e-08 5.740721e-10
7000 1.922607e+00 1.387336e-08 8.098902e-09 1.127049e-08 5.559681e-10
7010 1.925354e+00 1.333368e-08 8.032231e-09 1.036203e-08 5.343408e-10
7020 1.928101e+00 1.272714e-08 7.833385e-09 9.391532e-09 5.100337e-10
7030 1.930847e+00 1.207967e-08 7.511885e-09 8.421713e-09 4.840868e-10
7040 1.933594e+00 1.142268e-08 7.084184e-09 7.525755e-09 4.577584e-10
7050 1.936340e+00 1.078942e-08 6.572746e-09 6.784184e-09 4.323805e-10
7060 1.939087e+00 1.021246e-08 6.005922e-09 6.272845e-09 4.092592e-10
7070 1.941833e+00 9.719712e-09 5.417890e-09 6.037412e-09 3.895126e-10
7080 1.944580e+00 9.330570e-09 4.849147e-09 6.068029e-09 3.739180e-10
7090 1.947327e+00 9.051964e-09 4.345993e-09 6.299828e-09 3.627530e-10
7100 1.950073e+00 8.877019e-09 3.956584e-09 6.642475e-09 3.557421e-10
7110 1.952820e+00 8.786565e-09 3.720307e-09 7.011032e-09 3.521172e-10
7120 1.955566e+00 8.752885e-09 3.650985e-09 7.339961e-09 3.507675e-10
7130 1.958313e+00 8.745763e-09 3.726966e-09 7.584530e-09 3.504821e-10
7140 1.961060e+00 8.736220e-09 3.900311e-09 7.717272e-09 3.500997e-10
7150 1.963806e+00 8.699745e-09 4.116798e-09 7.724315e-09 3.486380e-10
7160 1.966553e+00 8.618747e-09 4.330226e-09 7.602420e-09 3.453920e-10
7170 1.969299e+00 8.482160e-09 4.506905e-09 7.356822e-09 3.399183e-10
7180 1.972046e+00 8.285549e-09 4.624711e-09 6.999864e-09 3.320393e-10
7190 1.974792e+00 8.030631e-09 4.670972e-09 6.549983e-09 3.218236e-10
7200 1.977539e+00 7.723840e-09 4.640278e-09 6.031325e-09 3.095290e-10
7210 1.980286e+00 7.377114e-09 4.533022e-09 5.473596e-09 2.956342e-10
7220 1.983032e+00 7.005421e-09 4.354295e-09 4.912358e-09 2.807388e-10
7230 1.985779e+00 6.626160e-09 4.113195e-09 4.389249e-09 2.655401e-10
7240 1.988525e+00 6.258643e-09 3.822369e-09 3.950524e-09 2.508120e-10
7250 1.991272e+00 5.921804e-09 3.497777e-09 3.640700e-09 2.373133e-10
7260 1.994019e+00 5.632160e-09 3.158838e-09 3.488646e-09 2.257060e-10
7270 1.996765e+00 5.401393e-09 2.828522e-09 3.492218e-09 2.164582e-10
7280 1.999512e+00 5.234389e-09 2.533255e-09 3.616585e-09 2.097656e-10
7290 2.002258e+00 5.127975e-09 2.300914e-09 3.810192e-09 2.055011e-10
7300 2.005005e+00 5.071426e-09 2.155126e-09 4.023189e-09 2.032349e-10
7310 2.007751e+00 5.049632e-09 2.105736e-09 4.216536e-09 2.023615e-10
7320 2.010498e+00 5.044851e-09 2.142257e-09 4.363317e-09 2.021699e-10
7330 2.013245e+00 5.039863e-09 2.238058e-09 4.446802e-09 2.019700e-10
7340 2.015991e+00 5.021206e-09 2.361764e-09 4.458310e-09 2.012224e-10
7350 2.018738e+00 4.977263e-09 2.486046e-09 4.395375e-09 1.994613e-10
7360 2.021484e+00 4.901771e-09 2.590745e-09 4.260586e-09 1.964360e-10
7370 2.024231e+00 4.792008e-09 2.662488e-09 4.060676e-09 1.920373e-10
7380 2.026978e+00 4.648013e-09 2.693516e-09 3.805978e-09 1.862668e-10
7390 2.029724e+00 4.473933e-09 2.680287e-09 3.510087e-09 1.792907e-10
7400 2.032471e+00 4.275793e-09 2.622738e-09 3.189775e-09 1.713503e-10
7410 2.035217e+00 4.062606e-09 2.523572e-09 2.865219e-09 1.628069e-10
7420 2.037964e+00 3.843771e-09 2.387802e-09 2.560124e-09 1.540372e-10
7430 2.040710e+00 3.630456e-09 2.222547e-09 2.300999e-09 1.454887e-10
7440 2.043457e+00 3.434056e-09 2.036790e-09 2.113863e-09 1.376181e-10
7450 2.046204e+00 3.263859e-09 1.841554e-09 2.016785e-09 1.307975e-10
7460 2.048950e+00 3.127178e-09 1.649892e-09 2.010513e-09 1.253201e-10
7470 2.051697e+00 3.027170e-09 1.476826e-09 2.076553e-09 1.213123e-10
7480 2.054443e+00 2.962501e-09 1.338487e-09 2.185601e-09 1.187207e-10
7490 2.057190e+00 2.927449e-09 1.248974e-09 2.308448e-09 1.173161e-10
7500 2.059937e+00 2.913328e-09 1.215014e-09 2.421918e-09 1.167502e-10
7510 2.062683e+00 2.909901e-09 1.231707e-09 2.509802e-09 1.166128e-10
7520 2.065430e+00 2.907655e-09 1.284357e-09 2.561905e-09 1.165228e-10
7530 2.068176e+00 2.897735e-09 1.354861e-09 2.572808e-09 1.161253e-10
7540 2.070923e+00 2.874257e-09 1.427121e-09 2.540769e-09 1.151844e-10
7550 2.073669e+00 2.832585e-09 1.489040e-09 2.467032e-09 1.135144e-10
7560 2.076416e+00 2.771184e-09 1.532580e-09 2.355247e-09 1.110538e-10
7570 2.079163e+00 2.690100e-09 1.552939e-09 2.211164e-09 1.078044e-10
7580 2.081909e+00 2.591436e-09 1.547882e-09 2.042464e-09 1.038505e-10
7589 2.084381e+00 2.490176e-09 1.521401e-09 1.877382e-09
