TITLE = "Cavity Iterative Residual History"
variables="Iteration""Time(s)""Res1""Res2""Res3"
1 1.716614e-05 2.160186e+01 1.335838e+03 1.406466e+03 1.000000e+00
10 1.716614e-04 4.732869e+01 2.147688e+02 2.381022e+02 1.000000e+00
20 3.433228e-04 4.640195e+01 1.343695e+02 1.554364e+02 9.804192e-01
30 5.149841e-04 4.362294e+01 1.056735e+02 1.256641e+02 9.217019e-01
40 6.866455e-04 4.101049e+01 9.068527e+01 1.099705e+02 8.665038e-01
50 8.583069e-04 3.873885e+01 8.137096e+01 1.001558e+02 8.185068e-01
60 1.029968e-03 3.680560e+01 7.496714e+01 9.337889e+01 7.776594e-01
70 1.201630e-03 3.515679e+01 7.027065e+01 8.838917e+01 7.428220e-01
80 1.373291e-03 3.373978e+01 6.667378e+01 8.454527e+01 7.128823e-01
90 1.544952e-03 3.250570e+01 6.383127e+01 8.148504e+01 6.868076e-01
100 1.716614e-03 3.142581e+01 6.152958e+01 7.898359e+01 6.639908e-01
110 1.888275e-03 3.046326e+01 5.963127e+01 7.689830e+01 6.436531e-01
120 2.059937e-03 2.961064e+01 5.803787e+01 7.512913e+01 6.256384e-01
130 2.231598e-03 2.884625e+01 5.668396e+01 7.360761e+01 6.094877e-01
140 2.403259e-03 2.816505e+01 5.551804e+01 7.228367e+01 5.950948e-01
150 2.574921e-03 2.755775e+01 5.450414e+01 7.111908e+01 5.822631e-01
160 2.746582e-03 2.701349e+01 5.361461e+01 7.008608e+01 5.707635e-01
170 2.918243e-03 2.652848e+01 5.282682e+01 6.916236e+01 5.605158e-01
180 3.089905e-03 2.609335e+01 5.212507e+01 6.833062e+01 5.513221e-01
190 3.261566e-03 2.570361e+01 5.149543e+01 6.757731e+01 5.430874e-01
200 3.433228e-03 2.535370e+01 5.092718e+01 6.689106e+01 5.356942e-01
210 3.604889e-03 2.503691e+01 5.041220e+01 6.626291e+01 5.290008e-01
220 3.776550e-03 2.475168e+01 4.994269e+01 6.568538e+01 5.229743e-01
230 3.948212e-03 2.449297e+01 4.951320e+01 6.515214e+01 5.175080e-01
240 4.119873e-03 2.425683e+01 4.911889e+01 6.465800e+01 5.125186e-01
250 4.291534e-03 2.404258e+01 4.875508e+01 6.419843e+01 5.079918e-01
260 4.463196e-03 2.384647e+01 4.841869e+01 6.376962e+01 5.038482e-01
270 4.634857e-03 2.366671e+01 4.810678e+01 6.336845e+01 5.000499e-01
280 4.806519e-03 2.350298e+01 4.781637e+01 6.299202e+01 4.965907e-01
290 4.978180e-03 2.335254e+01 4.754567e+01 6.263789e+01 4.934120e-01
300 5.149841e-03 2.321479e+01 4.729277e+01 6.230400e+01 4.905015e-01
310 5.321503e-03 2.308938e+01 4.705572e+01 6.198842e+01 4.878516e-01
320 5.493164e-03 2.297392e+01 4.683330e+01 6.168947e+01 4.854121e-01
330 5.664825e-03 2.286826e+01 4.662415e+01 6.140567e+01 4.831797e-01
340 5.836487e-03 2.277208e+01 4.642687e+01 6.113572e+01 4.811476e-01
350 6.008148e-03 2.268369e+01 4.624074e+01 6.087846e+01 4.792800e-01
360 6.179810e-03 2.260323e+01 4.606482e+01 6.063284e+01 4.775799e-01
370 6.351471e-03 2.253054e+01 4.589808e+01 6.039795e+01 4.760441e-01
380 6.523132e-03 2.246429e+01 4.574008e+01 6.017297e+01 4.746444e-01
390 6.694794e-03 2.240456e+01 4.559015e+01 5.995708e+01 4.733822e-01
400 6.866455e-03 2.235134e+01 4.544749e+01 5.974962e+01 4.722579e-01
410 7.038116e-03 2.230329e+01 4.531172e+01 5.954992e+01 4.712426e-01
420 7.209778e-03 2.226044e+01 4.518238e+01 5.935738e+01 4.703371e-01
430 7.381439e-03 2.222299e+01 4.505879e+01 5.917150e+01 4.695458e-01
440 7.553101e-03 2.218990e+01 4.494074e+01 5.899182e+01 4.688468e-01
450 7.724762e-03 2.216120e+01 4.482793e+01 5.881787e+01 4.682403e-01
460 7.896423e-03 2.213723e+01 4.471981e+01 5.864927e+01 4.677340e-01
470 8.068085e-03 2.211701e+01 4.461619e+01 5.848563e+01 4.673067e-01
480 8.239746e-03 2.210040e+01 4.451685e+01 5.832659e+01 4.669557e-01
490 8.411407e-03 2.208779e+01 4.442134e+01 5.817182e+01 4.666894e-01
500 8.583069e-03 2.207845e+01 4.432950e+01 5.802105e+01 4.664919e-01
510 8.754730e-03 2.207217e+01 4.424119e+01 5.787401e+01 4.663593e-01
520 8.926392e-03 2.206937e+01 4.415605e+01 5.773042e+01 4.663001e-01
530 9.098053e-03 2.206951e+01 4.407393e+01 5.759008e+01 4.663031e-01
540 9.269714e-03 2.207230e+01 4.399474e+01 5.745274e+01 4.663620e-01
550 9.441376e-03 2.207802e+01 4.391818e+01 5.731818e+01 4.664828e-01
560 9.613037e-03 2.208633e+01 4.384409e+01 5.718623e+01 4.666585e-01
570 9.784698e-03 2.209698e+01 4.377242e+01 5.705672e+01 4.668835e-01
580 9.956360e-03 2.211018e+01 4.370297e+01 5.692947e+01 4.671623e-01
590 1.012802e-02 2.212572e+01 4.363554e+01 5.680433e+01 4.674907e-01
600 1.029968e-02 2.214333e+01 4.357011e+01 5.668114e+01 4.678627e-01
610 1.047134e-02 2.216315e+01 4.350654e+01 5.655978e+01 4.682816e-01
620 1.064301e-02 2.218513e+01 4.344465e+01 5.644012e+01 4.687459e-01
630 1.081467e-02 2.220897e+01 4.338441e+01 5.632204e+01 4.692497e-01
640 1.098633e-02 2.223472e+01 4.332571e+01 5.620543e+01 4.697938e-01
650 1.115799e-02 2.226241e+01 4.326840e+01 5.609017e+01 4.703788e-01
660 1.132965e-02 2.229177e+01 4.321243e+01 5.597616e+01 4.709992e-01
670 1.150131e-02 2.232280e+01 4.315772e+01 5.586332e+01 4.716548e-01
680 1.167297e-02 2.235559e+01 4.310414e+01 5.575155e+01 4.723475e-01
690 1.184464e-02 2.238996e+01 4.305168e+01 5.564080e+01 4.730737e-01
700 1.201630e-02 2.242585e+01 4.300025e+01 5.553095e+01 4.738320e-01
710 1.218796e-02 2.246332e+01 4.294975e+01 5.542195e+01 4.746237e-01
720 1.235962e-02 2.250220e+01 4.290013e+01 5.531373e+01 4.754453e-01
730 1.253128e-02 2.254246e+01 4.285135e+01 5.520622e+01 4.762960e-01
740 1.270294e-02 2.258417e+01 4.280331e+01 5.509936e+01 4.771771e-01
750 1.287460e-02 2.262717e+01 4.275597e+01 5.499310e+01 4.780857e-01
760 1.304626e-02 2.267146e+01 4.270927e+01 5.488739e+01 4.790215e-01
770 1.321793e-02 2.271701e+01 4.266317e+01 5.478217e+01 4.799841e-01
780 1.338959e-02 2.276383e+01 4.261762e+01 5.467741e+01 4.809732e-01
790 1.356125e-02 2.281191e+01 4.257257e+01 5.457306e+01 4.819891e-01
800 1.373291e-02 2.286115e+01 4.252799e+01 5.446909e+01 4.830294e-01
810 1.390457e-02 2.291157e+01 4.248381e+01 5.436546e+01 4.840947e-01
820 1.407623e-02 2.296322e+01 4.244001e+01 5.426214e+01 4.851862e-01
830 1.424789e-02 2.301600e+01 4.239656e+01 5.415911e+01 4.863012e-01
840 1.441956e-02 2.306999e+01 4.235341e+01 5.405634e+01 4.874421e-01
850 1.459122e-02 2.312528e+01 4.231051e+01 5.395380e+01 4.886102e-01
860 1.476288e-02 2.318178e+01 4.226786e+01 5.385149e+01 4.898040e-01
870 1.493454e-02 2.323976e+01 4.222545e+01 5.374940e+01 4.910290e-01
880 1.510620e-02 2.329937e+01 4.218321e+01 5.364749e+01 4.922885e-01
890 1.527786e-02 2.336070e+01 4.214115e+01 5.354578e+01 4.935843e-01
900 1.544952e-02 2.342422e+01 4.209925e+01 5.344423e+01 4.949265e-01
910 1.562119e-02 2.349045e+01 4.205745e+01 5.334284e+01 4.963258e-01
920 1.579285e-02 2.356002e+01 4.201578e+01 5.324159e+01 4.977958e-01
930 1.596451e-02 2.363412e+01 4.197421e+01 5.314048e+01 4.993614e-01
940 1.613617e-02 2.371444e+01 4.193269e+01 5.303946e+01 5.010585e-01
950 1.630783e-02 2.380325e+01 4.189125e+01 5.293852e+01 5.029349e-01
960 1.647949e-02 2.390425e+01 4.184988e+01 5.283766e+01 5.050690e-01
970 1.665115e-02 2.402287e+01 4.180855e+01 5.273679e+01 5.075752e-01
980 1.682281e-02 2.416674e+01 4.176726e+01 5.263589e+01 5.106150e-01
990 1.699448e-02 2.434757e+01 4.172601e+01 5.253490e+01 5.144357e-01
1000 1.716614e-02 2.458211e+01 4.168476e+01 5.243375e+01 5.193914e-01
1010 1.733780e-02 2.489385e+01 4.164354e+01 5.233237e+01 5.259781e-01
1020 1.750946e-02 2.531540e+01 4.160232e+01 5.223066e+01 5.348850e-01
1030 1.768112e-02 2.588883e+01 4.156109e+01 5.212854e+01 5.470009e-01
1040 1.785278e-02 2.666471e+01 4.151984e+01 5.202589e+01 5.633942e-01
1050 1.802444e-02 2.769485e+01 4.147858e+01 5.192262e+01 5.851599e-01
1060 1.819611e-02 3.043800e+01 4.143728e+01 5.181860e+01 6.431196e-01
1070 1.836777e-02 3.552764e+01 4.139594e+01 5.171371e+01 7.506577e-01
1080 1.853943e-02 4.363412e+01 4.135454e+01 5.160786e+01 9.219381e-01
1090 1.871109e-02 5.519853e+01 4.131306e+01 5.150091e+01 1.166281e+00
1100 1.888275e-02 6.975281e+01 4.127149e+01 5.139276e+01 1.473796e+00
1110 1.905441e-02 8.558535e+01 4.122980e+01 5.128334e+01 1.808319e+00
1120 1.922607e-02 9.986016e+01 4.118796e+01 5.117256e+01 2.109929e+00
1130 1.939774e-02 1.094344e+02 4.114596e+01 5.106038e+01 2.312222e+00
1140 1.956940e-02 1.121304e+02 4.110376e+01 5.094676e+01 2.369185e+00
1150 1.974106e-02 1.076727e+02 4.106133e+01 5.083169e+01 2.274999e+00
1160 1.991272e-02 9.764297e+01 4.101863e+01 5.071521e+01 2.063082e+00
1170 2.008438e-02 8.458493e+01 4.097564e+01 5.059737e+01 1.787181e+00
1180 2.025604e-02 7.096464e+01 4.093231e+01 5.047825e+01 1.499400e+00
1190 2.042770e-02 5.854624e+01 4.088859e+01 5.035796e+01 1.237014e+00
1200 2.059937e-02 4.826719e+01 4.084446e+01 5.023666e+01 1.019830e+00
1210 2.077103e-02 4.040186e+01 4.079986e+01 5.011451e+01 8.536443e-01
1220 2.094269e-02 3.479252e+01 4.075476e+01 4.999170e+01 7.351255e-01
1230 2.111435e-02 3.104765e+01 4.070913e+01 4.986845e+01 6.560006e-01
1240 2.128601e-02 2.869606e+01 4.066294e+01 4.974500e+01 6.063143e-01
1250 2.145767e-02 2.729919e+01 4.061615e+01 4.962156e+01 5.768001e-01
1260 2.162933e-02 2.651216e+01 4.056876e+01 4.949839e+01 5.601711e-01
1270 2.180099e-02 2.609453e+01 4.052075e+01 4.937569e+01 5.513470e-01
1280 2.197266e-02 2.589202e+01 4.047213e+01 4.925370e+01 5.470681e-01
1290 2.214432e-02 2.581065e+01 4.042292e+01 4.913257e+01 5.453490e-01
1300 2.231598e-02 2.579499e+01 4.037315e+01 4.901246e+01 5.450182e-01
1310 2.248764e-02 2.581292e+01 4.032286e+01 4.889345e+01 5.453968e-01
1320 2.265930e-02 2.584602e+01 4.027213e+01 4.877559e+01 5.460963e-01
1330 2.283096e-02 2.588386e+01 4.022105e+01 4.865881e+01 5.468959e-01
1340 2.300262e-02 2.592061e+01 4.016972e+01 4.854300e+01 5.476724e-01
1350 2.317429e-02 2.595307e+01 4.011829e+01 4.842792e+01 5.483582e-01
1360 2.334595e-02 2.597958e+01 4.006692e+01 4.831327e+01 5.489182e-01
1370 2.351761e-02 2.599937e+01 4.001579e+01 4.819858e+01 5.493365e-01
1380 2.368927e-02 2.601223e+01 3.996513e+01 4.808333e+01 5.496082e-01
1390 2.386093e-02 2.601832e+01 3.991518e+01 4.796684e+01 5.497367e-01
1400 2.403259e-02 2.601802e+01 3.986623e+01 4.784835e+01 5.497304e-01
1410 2.420425e-02 2.601195e+01 3.981857e+01 4.772700e+01 5.496022e-01
1420 2.437592e-02 2.600089e+01 3.977257e+01 4.760183e+01 5.493685e-01
1430 2.454758e-02 2.598580e+01 3.972858e+01 4.747184e+01 5.490496e-01
1440 2.471924e-02 2.596778e+01 3.968705e+01 4.733598e+01 5.486690e-01
1450 2.489090e-02 2.594810e+01 3.964843e+01 4.719318e+01 5.482532e-01
1460 2.506256e-02 2.592812e+01 3.961327e+01 4.704241e+01 5.478310e-01
1470 2.523422e-02 2.590936e+01 3.958222e+01 4.688270e+01 5.474346e-01
1480 2.540588e-02 2.589343e+01 3.955598e+01 4.671317e+01 5.470980e-01
1490 2.557755e-02 2.588201e+01 3.953537e+01 4.653299e+01 5.468568e-01
1500 2.574921e-02 2.587685e+01 3.952132e+01 4.634130e+01 5.467476e-01
1510 2.592087e-02 2.587967e+01 3.951488e+01 4.613709e+01 5.468073e-01
1520 2.609253e-02 2.589222e+01 3.951721e+01 4.591905e+01 5.470724e-01
1530 2.626419e-02 2.591616e+01 3.952961e+01 4.568539e+01 5.475783e-01
1540 2.643585e-02 2.595310e+01 3.955352e+01 4.543358e+01 5.483587e-01
1550 2.660751e-02 2.600453e+01 3.959047e+01 4.516002e+01 5.494455e-01
1560 2.677917e-02 2.607183e+01 3.964200e+01 4.485977e+01 5.508675e-01
1570 2.695084e-02 2.615623e+01 3.970957e+01 4.452606e+01 5.526506e-01
1580 2.712250e-02 2.625880e+01 3.979427e+01 4.414996e+01 5.548179e-01
1590 2.729416e-02 2.638056e+01 3.989651e+01 4.371999e+01 5.573906e-01
1600 2.746582e-02 2.652264e+01 4.001546e+01 4.322197e+01 5.603925e-01
1610 2.763748e-02 2.668666e+01 4.014831e+01 4.263918e+01 5.638581e-01
1620 2.780914e-02 2.687548e+01 4.028931e+01 4.195320e+01 5.678476e-01
1630 2.798080e-02 2.709412e+01 4.042866e+01 4.114573e+01 5.724672e-01
1640 2.815247e-02 2.735091e+01 4.055145e+01 4.020179e+01 5.778930e-01
1650 2.832413e-02 2.765805e+01 4.063693e+01 3.911446e+01 5.843824e-01
1660 2.849579e-02 2.803067e+01 4.065870e+01 3.789080e+01 5.922554e-01
1670 2.866745e-02 2.848334e+01 4.058629e+01 3.655762e+01 6.018198e-01
1680 2.883911e-02 2.902389e+01 4.038833e+01 3.516478e+01 6.132409e-01
1690 2.901077e-02 2.964664e+01 4.003719e+01 3.378294e+01 6.263990e-01
1700 2.918243e-02 3.032907e+01 3.951392e+01 3.249362e+01 6.408179e-01
1710 2.935410e-02 3.103505e+01 3.881213e+01 3.137242e+01 6.557345e-01
1720 2.952576e-02 3.172419e+01 3.793958e+01 3.047030e+01 6.702951e-01
1730 2.969742e-02 3.236254e+01 3.691700e+01 2.980032e+01 6.837828e-01
1740 2.986908e-02 3.292979e+01 3.577474e+01 2.933498e+01 6.957681e-01
1750 3.004074e-02 3.342082e+01 3.454836e+01 2.901412e+01 7.061429e-01
1760 3.021240e-02 3.384305e+01 3.327457e+01 2.875764e+01 7.150643e-01
1770 3.038406e-02 3.421227e+01 3.198815e+01 2.847739e+01 7.228655e-01
1780 3.055573e-02 3.454858e+01 3.072041e+01 2.808485e+01 7.299713e-01
1790 3.072739e-02 3.487315e+01 2.949875e+01 2.749567e+01 7.368290e-01
1800 3.089905e-02 3.520527e+01 2.834667e+01 2.663442e+01 7.438463e-01
1810 3.107071e-02 3.555899e+01 2.728358e+01 2.544434e+01 7.513201e-01
1820 3.124237e-02 3.593881e+01 2.632374e+01 2.390651e+01 7.593453e-01
1830 3.141403e-02 3.633470e+01 2.547460e+01 2.207030e+01 7.677098e-01
1840 3.158569e-02 3.671827e+01 2.473533e+01 2.008977e+01 7.758143e-01
1850 3.175735e-02 3.704407e+01 2.409630e+01 1.824532e+01 7.826981e-01
1860 3.192902e-02 3.725926e+01 2.354036e+01 1.690431e+01 7.872448e-01
1870 3.210068e-02 3.732100e+01 2.304567e+01 1.636875e+01 7.885492e-01
1880 3.227234e-02 3.721385e+01 2.258957e+01 1.667458e+01 7.862853e-01
1890 3.244400e-02 3.695744e+01 2.215216e+01 1.756660e+01 7.808677e-01
1900 3.261566e-02 3.659997e+01 2.171866e+01 1.869019e+01 7.733147e-01
1910 3.278732e-02 3.620208e+01 2.128021e+01 1.976804e+01 7.649079e-01
1920 3.295898e-02 3.582007e+01 2.083330e+01 2.064762e+01 7.568363e-01
1930 3.313065e-02 3.549492e+01 2.037852e+01 2.127466e+01 7.499663e-01
1940 3.330231e-02 3.524904e+01 1.991911e+01 2.165355e+01 7.447711e-01
1950 3.347397e-02 3.508843e+01 1.945971e+01 2.181671e+01 7.413778e-01
1960 3.364563e-02 3.500749e+01 1.900536e+01 2.180585e+01 7.396674e-01
1970 3.381729e-02 3.499386e+01 1.856088e+01 2.166211e+01 7.393794e-01
1980 3.398895e-02 3.503243e+01 1.813042e+01 2.142171e+01 7.401945e-01
1990 3.416061e-02 3.510797e+01 1.771735e+01 2.111463e+01 7.417906e-01
2000 3.433228e-02 3.520663e+01 1.732409e+01 2.076486e+01 7.438752e-01
2010 3.450394e-02 3.531666e+01 1.695220e+01 2.039109e+01 7.462000e-01
2020 3.467560e-02 3.542863e+01 1.660235e+01 2.000767e+01 7.485656e-01
2030 3.484726e-02 3.553530e+01 1.627440e+01 1.962543e+01 7.508196e-01
2040 3.501892e-02 3.563149e+01 1.596747e+01 1.925238e+01 7.528520e-01
2050 3.519058e-02 3.571372e+01 1.568005e+01 1.889428e+01 7.545892e-01
2060 3.536224e-02 3.577993e+01 1.541017e+01 1.855504e+01 7.559882e-01
2070 3.553391e-02 3.582923e+01 1.515553e+01 1.823707e+01 7.570299e-01
2080 3.570557e-02 3.586159e+01 1.491375e+01 1.794156e+01 7.577136e-01
2090 3.587723e-02 3.587761e+01 1.468254e+01 1.766873e+01 7.580521e-01
2100 3.604889e-02 3.587829e+01 1.445984e+01 1.741801e+01 7.580665e-01
2110 3.622055e-02 3.586486e+01 1.424396e+01 1.718828e+01 7.577828e-01
2120 3.639221e-02 3.583863e+01 1.403364e+01 1.697801e+01 7.572284e-01
2130 3.656387e-02 3.580086e+01 1.382803e+01 1.678547e+01 7.564304e-01
2140 3.673553e-02 3.575273e+01 1.362673e+01 1.660880e+01 7.554135e-01
2150 3.690720e-02 3.569526e+01 1.342965e+01 1.644618e+01 7.541993e-01
2160 3.707886e-02 3.562932e+01 1.323702e+01 1.629585e+01 7.528060e-01
2170 3.725052e-02 3.555559e+01 1.304925e+01 1.615621e+01 7.512482e-01
2180 3.742218e-02 3.547462e+01 1.286687e+01 1.602580e+01 7.495375e-01
2190 3.759384e-02 3.538683e+01 1.269048e+01 1.590337e+01 7.476824e-01
2200 3.776550e-02 3.529252e+01 1.252065e+01 1.578780e+01 7.456897e-01
2210 3.793716e-02 3.519193e+01 1.235790e+01 1.567815e+01 7.435645e-01
2220 3.810883e-02 3.508526e+01 1.220265e+01 1.557360e+01 7.413108e-01
2230 3.828049e-02 3.497270e+01 1.205521e+01 1.547348e+01 7.389325e-01
2240 3.845215e-02 3.485444e+01 1.191574e+01 1.537718e+01 7.364338e-01
2250 3.862381e-02 3.473071e+01 1.178430e+01 1.528419e+01 7.338194e-01
2260 3.879547e-02 3.460177e+01 1.166080e+01 1.519409e+01 7.310952e-01
2270 3.896713e-02 3.446800e+01 1.154505e+01 1.510647e+01 7.282687e-01
2280 3.913879e-02 3.432981e+01 1.143677e+01 1.502099e+01 7.253490e-01
2290 3.931046e-02 3.418776e+01 1.133559e+01 1.493736e+01 7.223475e-01
2300 3.948212e-02 3.404249e+01 1.124109e+01 1.485529e+01 7.192781e-01
2310 3.965378e-02 3.389478e+01 1.115281e+01 1.477456e+01 7.161571e-01
2320 3.982544e-02 3.374555e+01 1.107026e+01 1.469495e+01 7.130041e-01
2330 3.999710e-02 3.359588e+01 1.099297e+01 1.461627e+01 7.098417e-01
2340 4.016876e-02 3.344701e+01 1.092044e+01 1.453837e+01 7.066963e-01
2350 4.034042e-02 3.330037e+01 1.085220e+01 1.446109e+01 7.035980e-01
2360 4.051208e-02 3.315759e+01 1.078782e+01 1.438433e+01 7.005814e-01
2370 4.068375e-02 3.302055e+01 1.072686e+01 1.430798e+01 6.976858e-01
2380 4.085541e-02 3.289135e+01 1.066895e+01 1.423196e+01 6.949558e-01
2390 4.102707e-02 3.277236e+01 1.061373e+01 1.415621e+01 6.924418e-01
2400 4.119873e-02 3.266629e+01 1.056088e+01 1.408068e+01 6.902007e-01
2410 4.137039e-02 3.257616e+01 1.051011e+01 1.400533e+01 6.882962e-01
2420 4.154205e-02 3.250536e+01 1.046116e+01 1.393015e+01 6.868004e-01
2430 4.171371e-02 3.245771e+01 1.041381e+01 1.385510e+01 6.857937e-01
2440 4.188538e-02 3.243748e+01 1.036785e+01 1.378020e+01 6.853662e-01
2450 4.205704e-02 3.244943e+01 1.032310e+01 1.370544e+01 6.856186e-01
2460 4.222870e-02 3.249885e+01 1.027941e+01 1.363083e+01 6.866628e-01
2470 4.240036e-02 3.259161e+01 1.023665e+01 1.355639e+01 6.886228e-01
2480 4.257202e-02 3.273419e+01 1.019469e+01 1.348213e+01 6.916353e-01
2490 4.274368e-02 3.293366e+01 1.015344e+01 1.340808e+01 6.958498e-01
2500 4.291534e-02 3.319768e+01 1.011282e+01 1.333425e+01 7.014283e-01
2510 4.308701e-02 3.353446e+01 1.007273e+01 1.326068e+01 7.085440e-01
2520 4.325867e-02 3.395262e+01 1.003312e+01 1.318738e+01 7.173792e-01
2530 4.343033e-02 3.446104e+01 9.993942e+00 1.311439e+01 7.281217e-01
2540 4.360199e-02 3.506863e+01 9.955134e+00 1.304173e+01 7.409594e-01
2550 4.377365e-02 3.578396e+01 9.916659e+00 1.296942e+01 7.560733e-01
2560 4.394531e-02 3.661482e+01 9.878483e+00 1.289749e+01 7.736286e-01
2570 4.411697e-02 3.756777e+01 9.840574e+00 1.282596e+01 7.937632e-01
2580 4.428864e-02 3.864744e+01 9.802907e+00 1.275486e+01 8.165753e-01
2590 4.446030e-02 3.985592e+01 9.765458e+00 1.268420e+01 8.421093e-01
2600 4.463196e-02 4.119206e+01 9.728207e+00 1.261401e+01 8.703402e-01
2610 4.480362e-02 4.265068e+01 9.691137e+00 1.254431e+01 9.011593e-01
2620 4.497528e-02 4.422200e+01 9.654233e+00 1.247511e+01 9.343594e-01
2630 4.514694e-02 4.589096e+01 9.617481e+00 1.240643e+01 9.696225e-01
2640 4.531860e-02 4.763677e+01 9.580868e+00 1.233828e+01 1.006510e+00
2650 4.549026e-02 4.943263e+01 9.544383e+00 1.227068e+01 1.044454e+00
2660 4.566193e-02 5.124563e+01 9.508017e+00 1.220364e+01 1.082760e+00
2670 4.583359e-02 5.303692e+01 9.471759e+00 1.213717e+01 1.120608e+00
2680 4.600525e-02 5.476223e+01 9.435602e+00 1.207128e+01 1.157062e+00
2690 4.617691e-02 5.637274e+01 9.399536e+00 1.200598e+01 1.191090e+00
2700 4.634857e-02 5.781623e+01 9.363553e+00 1.194127e+01 1.221590e+00
2710 4.652023e-02 5.903873e+01 9.327646e+00 1.187717e+01 1.247420e+00
2720 4.669189e-02 5.998640e+01 9.291806e+00 1.181367e+01 1.267443e+00
2730 4.686356e-02 6.060776e+01 9.256027e+00 1.175079e+01 1.280571e+00
2740 4.703522e-02 6.085603e+01 9.220301e+00 1.168852e+01 1.285817e+00
2750 4.720688e-02 6.069159e+01 9.184620e+00 1.162687e+01 1.282343e+00
2760 4.737854e-02 6.008425e+01 9.148976e+00 1.156584e+01 1.269510e+00
2770 4.755020e-02 5.901533e+01 9.113361e+00 1.150544e+01 1.246925e+00
2780 4.772186e-02 5.747921e+01 9.077768e+00 1.144565e+01 1.214469e+00
2790 4.789352e-02 5.548450e+01 9.042187e+00 1.138648e+01 1.172323e+00
2800 4.806519e-02 5.305449e+01 9.006611e+00 1.132794e+01 1.120979e+00
2810 4.823685e-02 5.022707e+01 8.971031e+00 1.127002e+01 1.061239e+00
2820 4.840851e-02 4.705430e+01 8.935436e+00 1.121271e+01 9.942025e-01
2830 4.858017e-02 4.360161e+01 8.899818e+00 1.115602e+01 9.212512e-01
2840 4.875183e-02 3.994725e+01 8.864166e+00 1.109994e+01 8.440388e-01
2850 4.892349e-02 3.618228e+01 8.828469e+00 1.104448e+01 7.644895e-01
2860 4.909515e-02 3.241182e+01 8.792716e+00 1.098962e+01 6.848240e-01
2870 4.926682e-02 2.875807e+01 8.756896e+00 1.093536e+01 6.076246e-01
2880 4.943848e-02 2.536538e+01 8.720994e+00 1.088170e+01 5.359408e-01
2890 4.961014e-02 2.240502e+01 8.684999e+00 1.082864e+01 4.733921e-01
2900 4.978180e-02 2.007162e+01 8.648896e+00 1.077617e+01 4.240899e-01
2910 4.995346e-02 1.855334e+01 8.612670e+00 1.072429e+01 3.920106e-01
2920 5.012512e-02 1.796387e+01 8.576305e+00 1.067298e+01 3.795557e-01
2930 5.029678e-02 1.827148e+01 8.539783e+00 1.062226e+01 3.860551e-01
2940 5.046844e-02 1.930169e+01 8.503088e+00 1.057210e+01 4.078223e-01
2950 5.064011e-02 2.081908e+01 8.466199e+00 1.052252e+01 4.398829e-01
2960 5.081177e-02 2.260819e+01 8.429098e+00 1.047349e+01 4.776847e-01
2970 5.098343e-02 2.450671e+01 8.391761e+00 1.042502e+01 5.177982e-01
2980 5.115509e-02 2.640412e+01 8.354167e+00 1.037709e+01 5.578883e-01
2990 5.132675e-02 2.822938e+01 8.316293e+00 1.032971e+01 5.964538e-01
3000 5.149841e-02 2.993885e+01 8.278113e+00 1.028287e+01 6.325730e-01
3010 5.167007e-02 3.150739e+01 8.239602e+00 1.023656e+01 6.657145e-01
3020 5.184174e-02 3.292223e+01 8.200734e+00 1.019077e+01 6.956084e-01
3030 5.201340e-02 3.417887e+01 8.161483e+00 1.014550e+01 7.221597e-01
3040 5.218506e-02 3.527833e+01 8.121820e+00 1.010074e+01 7.453901e-01
3050 5.235672e-02 3.622531e+01 8.081718e+00 1.005648e+01 7.653986e-01
3060 5.252838e-02 3.702683e+01 8.041151e+00 1.001273e+01 7.823338e-01
3070 5.270004e-02 3.769138e+01 8.000092e+00 9.969462e+00 7.963750e-01
3080 5.287170e-02 3.822825e+01 7.958514e+00 9.926679e+00 8.077184e-01
3090 5.304337e-02 3.864706e+01 7.916394e+00 9.884371e+00 8.165673e-01
3100 5.321503e-02 3.895744e+01 7.873710e+00 9.842531e+00 8.231254e-01
3110 5.338669e-02 3.916885e+01 7.830440e+00 9.801151e+00 8.275921e-01
3120 5.355835e-02 3.929034e+01 7.786568e+00 9.760222e+00 8.301591e-01
3130 5.373001e-02 3.933054e+01 7.742078e+00 9.719736e+00 8.310085e-01
3140 5.390167e-02 3.929754e+01 7.696959e+00 9.679685e+00 8.303112e-01
3150 5.407333e-02 3.919887e+01 7.651204e+00 9.640059e+00 8.282265e-01
3160 5.424500e-02 3.904152e+01 7.604808e+00 9.600851e+00 8.249017e-01
3170 5.441666e-02 3.883188e+01 7.557772e+00 9.562049e+00 8.204724e-01
3180 5.458832e-02 3.857583e+01 7.510099e+00 9.523646e+00 8.150624e-01
3190 5.475998e-02 3.827873e+01 7.461798e+00 9.485631e+00 8.087849e-01
3200 5.493164e-02 3.794541e+01 7.412880e+00 9.447994e+00 8.017424e-01
3210 5.510330e-02 3.758028e+01 7.363362e+00 9.410726e+00 7.940276e-01
3220 5.527496e-02 3.718730e+01 7.313263e+00 9.373815e+00 7.857244e-01
3230 5.544662e-02 3.677004e+01 7.262605e+00 9.337253e+00 7.769081e-01
3240 5.561829e-02 3.633169e+01 7.211412e+00 9.301027e+00 7.676463e-01
3250 5.578995e-02 3.587512e+01 7.159714e+00 9.265128e+00 7.579995e-01
3260 5.596161e-02 3.540290e+01 7.107538e+00 9.229545e+00 7.480221e-01
3270 5.613327e-02 3.491732e+01 7.054916e+00 9.194266e+00 7.377623e-01
3280 5.630493e-02 3.442042e+01 7.001879e+00 9.159281e+00 7.272634e-01
3290 5.647659e-02 3.391402e+01 6.948460e+00 9.124578e+00 7.165637e-01
3300 5.664825e-02 3.339973e+01 6.894691e+00 9.090148e+00 7.056975e-01
3310 5.681992e-02 3.287901e+01 6.840604e+00 9.055978e+00 6.946952e-01
3320 5.699158e-02 3.235313e+01 6.786230e+00 9.022057e+00 6.835840e-01
3330 5.716324e-02 3.182324e+01 6.731601e+00 8.988376e+00 6.723880e-01
3340 5.733490e-02 3.129035e+01 6.676746e+00 8.954924e+00 6.611288e-01
3350 5.750656e-02 3.075539e+01 6.621693e+00 8.921691e+00 6.498255e-01
3360 5.767822e-02 3.021916e+01 6.566470e+00 8.888667e+00 6.384956e-01
3370 5.784988e-02 2.968240e+01 6.511101e+00 8.855843e+00 6.271545e-01
3380 5.802155e-02 2.914577e+01 6.455612e+00 8.823212e+00 6.158162e-01
3390 5.819321e-02 2.860988e+01 6.400026e+00 8.790765e+00 6.044935e-01
3400 5.836487e-02 2.807528e+01 6.344363e+00 8.758497e+00 5.931980e-01
3410 5.853653e-02 2.754248e+01 6.288644e+00 8.726403e+00 5.819406e-01
3420 5.870819e-02 2.701195e+01 6.232890e+00 8.694480e+00 5.707311e-01
3430 5.887985e-02 2.648414e+01 6.177119e+00 8.662726e+00 5.595790e-01
3440 5.905151e-02 2.595946e+01 6.121349e+00 8.631142e+00 5.484931e-01
3450 5.922318e-02 2.543831e+01 6.065598e+00 8.599731e+00 5.374820e-01
3460 5.939484e-02 2.492109e+01 6.009883e+00 8.568499e+00 5.265536e-01
3470 5.956650e-02 2.440816e+01 5.954223e+00 8.537455e+00 5.157161e-01
3480 5.973816e-02 2.389990e+01 5.898634e+00 8.506611e+00 5.049771e-01
3490 5.990982e-02 2.339667e+01 5.843136e+00 8.475984e+00 4.943444e-01
3500 6.008148e-02 2.289882e+01 5.787745e+00 8.445595e+00 4.838255e-01
3510 6.025314e-02 2.240673e+01 5.732483e+00 8.415467e+00 4.734281e-01
3520 6.042480e-02 2.192074e+01 5.677369e+00 8.385631e+00 4.631598e-01
3530 6.059647e-02 2.144123e+01 5.622424e+00 8.356122e+00 4.530282e-01
3540 6.076813e-02 2.096855e+01 5.567671e+00 8.326982e+00 4.430411e-01
3550 6.093979e-02 2.050308e+01 5.513133e+00 8.298258e+00 4.332062e-01
3560 6.111145e-02 2.004518e+01 5.458837e+00 8.270003e+00 4.235312e-01
3570 6.128311e-02 1.959521e+01 5.404809e+00 8.242278e+00 4.140240e-01
3580 6.145477e-02 1.915355e+01 5.351079e+00 8.215150e+00 4.046923e-01
3590 6.162643e-02 1.872058e+01 5.297676e+00 8.188693e+00 3.955440e-01
3600 6.179810e-02 1.829664e+01 5.244634e+00 8.162990e+00 3.865867e-01
3610 6.196976e-02 1.788211e+01 5.191989e+00 8.138130e+00 3.778281e-01
3620 6.214142e-02 1.747733e+01 5.139779e+00 8.114210e+00 3.692756e-01
3630 6.231308e-02 1.708265e+01 5.088045e+00 8.091334e+00 3.609365e-01
3640 6.248474e-02 1.669840e+01 5.036830e+00 8.069613e+00 3.528177e-01
3650 6.265640e-02 1.632488e+01 4.986184e+00 8.049166e+00 3.449257e-01
3660 6.282806e-02 1.596239e+01 4.936155e+00 8.030116e+00 3.372668e-01
3670 6.299973e-02 1.561120e+01 4.886800e+00 8.012594e+00 3.298465e-01
3680 6.317139e-02 1.527153e+01 4.838177e+00 7.996735e+00 3.226697e-01
3690 6.334305e-02 1.494360e+01 4.790351e+00 7.982676e+00 3.157409e-01
3700 6.351471e-02 1.462756e+01 4.743390e+00 7.970561e+00 3.090633e-01
3710 6.368637e-02 1.432354e+01 4.697367e+00 7.960530e+00 3.026397e-01
3720 6.385803e-02 1.403161e+01 4.652361e+00 7.952728e+00 2.964716e-01
3730 6.402969e-02 1.375180e+01 4.608457e+00 7.947296e+00 2.905595e-01
3740 6.420135e-02 1.348407e+01 4.565744e+00 7.944371e+00 2.849028e-01
3750 6.437302e-02 1.322836e+01 4.524319e+00 7.944086e+00 2.794997e-01
3760 6.454468e-02 1.298450e+01 4.484282e+00 7.946565e+00 2.743474e-01
3770 6.471634e-02 1.275231e+01 4.445741e+00 7.951925e+00 2.694414e-01
3780 6.488800e-02 1.253151e+01 4.408807e+00 7.960269e+00 2.647763e-01
3790 6.505966e-02 1.232181e+01 4.373599e+00 7.971688e+00 2.603454e-01
3800 6.523132e-02 1.212281e+01 4.340238e+00 7.986256e+00 2.561408e-01
3810 6.540298e-02 1.193409e+01 4.308848e+00 8.004029e+00 2.521534e-01
3820 6.557465e-02 1.175518e+01 4.279560e+00 8.025044e+00 2.483733e-01
3830 6.574631e-02 1.158556e+01 4.252503e+00 8.049318e+00 2.447893e-01
3840 6.591797e-02 1.142466e+01 4.227808e+00 8.076842e+00 2.413898e-01
3850 6.608963e-02 1.127190e+01 4.205604e+00 8.107585e+00 2.381622e-01
3860 6.626129e-02 1.112667e+01 4.186021e+00 8.141492e+00 2.350935e-01
3870 6.643295e-02 1.098832e+01 4.169182e+00 8.178481e+00 2.321704e-01
3880 6.660461e-02 1.085622e+01 4.155204e+00 8.218444e+00 2.293794e-01
3890 6.677628e-02 1.072973e+01 4.144198e+00 8.261248e+00 2.267068e-01
3900 6.694794e-02 1.060821e+01 4.136265e+00 8.306738e+00 2.241391e-01
3910 6.711960e-02 1.049103e+01 4.131492e+00 8.354729e+00 2.216632e-01
3920 6.729126e-02 1.037758e+01 4.129956e+00 8.405019e+00 2.192662e-01
3930 6.746292e-02 1.026728e+01 4.131715e+00 8.457381e+00 2.169357e-01
3940 6.763458e-02 1.015958e+01 4.136812e+00 8.511568e+00 2.146602e-01
3950 6.780624e-02 1.005397e+01 4.145271e+00 8.567319e+00 2.124286e-01
3960 6.797791e-02 9.949952e+00 4.157098e+00 8.624354e+00 2.102309e-01
3970 6.814957e-02 9.847104e+00 4.172275e+00 8.682380e+00 2.080578e-01
3980 6.832123e-02 9.745031e+00 4.190766e+00 8.741096e+00 2.059012e-01
3990 6.849289e-02 9.643386e+00 4.212513e+00 8.800191e+00 2.037535e-01
4000 6.866455e-02 9.541870e+00 4.237437e+00 8.859347e+00 2.016086e-01
4010 6.883621e-02 9.440230e+00 4.265438e+00 8.918246e+00 1.994611e-01
4020 6.900787e-02 9.338264e+00 4.296399e+00 8.976568e+00 1.973066e-01
4030 6.917953e-02 9.235813e+00 4.330180e+00 9.033993e+00 1.951420e-01
4040 6.935120e-02 9.132765e+00 4.366629e+00 9.090207e+00 1.929647e-01
4050 6.952286e-02 9.029052e+00 4.405575e+00 9.144903e+00 1.907734e-01
4060 6.969452e-02 8.924648e+00 4.446834e+00 9.197779e+00 1.885674e-01
4070 6.986618e-02 8.819566e+00 4.490212e+00 9.248546e+00 1.863472e-01
4080 7.003784e-02 8.713858e+00 4.535503e+00 9.296925e+00 1.841137e-01
4090 7.020950e-02 8.607610e+00 4.582495e+00 9.342651e+00 1.818688e-01
4100 7.038116e-02 8.500940e+00 4.630968e+00 9.385472e+00 1.796150e-01
4110 7.055283e-02 8.393995e+00 4.680701e+00 9.425154e+00 1.773553e-01
4120 7.072449e-02 8.286948e+00 4.731468e+00 9.461476e+00 1.750936e-01
4130 7.089615e-02 8.179996e+00 4.783044e+00 9.494236e+00 1.728338e-01
4140 7.106781e-02 8.073355e+00 4.835206e+00 9.523250e+00 1.705806e-01
4150 7.123947e-02 7.967258e+00 4.887732e+00 9.548351e+00 1.683389e-01
4160 7.141113e-02 7.861950e+00 4.940405e+00 9.569390e+00 1.661139e-01
4170 7.158279e-02 7.757689e+00 4.993015e+00 9.586239e+00 1.639109e-01
4180 7.175446e-02 7.654738e+00 5.045357e+00 9.598784e+00 1.617357e-01
4190 7.192612e-02 7.553365e+00 5.097233e+00 9.606933e+00 1.595938e-01
4200 7.209778e-02 7.453836e+00 5.148455e+00 9.610609e+00 1.574909e-01
4210 7.226944e-02 7.356417e+00 5.198842e+00 9.609755e+00 1.554325e-01
4220 7.244110e-02 7.261369e+00 5.248224e+00 9.604329e+00 1.534243e-01
4230 7.261276e-02 7.168943e+00 5.296441e+00 9.594307e+00 1.514714e-01
4240 7.278442e-02 7.079378e+00 5.343344e+00 9.579680e+00 1.495790e-01
4250 7.295609e-02 6.992901e+00 5.388792e+00 9.560454e+00 1.477518e-01
4260 7.312775e-02 6.909719e+00 5.432659e+00 9.536651e+00 1.459943e-01
4270 7.329941e-02 6.830024e+00 5.474825e+00 9.508306e+00 1.443104e-01
4280 7.347107e-02 6.753982e+00 5.515184e+00 9.475466e+00 1.427038e-01
4290 7.364273e-02 6.681739e+00 5.553641e+00 9.438192e+00 1.411774e-01
4300 7.381439e-02 6.613415e+00 5.590110e+00 9.396557e+00 1.397338e-01
4310 7.398605e-02 6.549102e+00 5.624515e+00 9.350642e+00 1.383749e-01
4320 7.415771e-02 6.488867e+00 5.656792e+00 9.300542e+00 1.371022e-01
4330 7.432938e-02 6.432748e+00 5.686886e+00 9.246358e+00 1.359165e-01
4340 7.450104e-02 6.380754e+00 5.714750e+00 9.188200e+00 1.348179e-01
4350 7.467270e-02 6.332866e+00 5.740349e+00 9.126188e+00 1.338061e-01
4360 7.484436e-02 6.289040e+00 5.763653e+00 9.060447e+00 1.328801e-01
4370 7.501602e-02 6.249201e+00 5.784643e+00 8.991109e+00 1.320383e-01
4380 7.518768e-02 6.213254e+00 5.803308e+00 8.918311e+00 1.312788e-01
4390 7.535934e-02 6.181077e+00 5.819641e+00 8.842196e+00 1.305989e-01
4400 7.553101e-02 6.152527e+00 5.833646e+00 8.762912e+00 1.299957e-01
4410 7.570267e-02 6.127443e+00 5.845331e+00 8.680608e+00 1.294657e-01
4420 7.587433e-02 6.105648e+00 5.854710e+00 8.595440e+00 1.290052e-01
4430 7.604599e-02 6.086948e+00 5.861805e+00 8.507565e+00 1.286101e-01
4440 7.621765e-02 6.071141e+00 5.866639e+00 8.417141e+00 1.282761e-01
4450 7.638931e-02 6.058014e+00 5.869243e+00 8.324329e+00 1.279988e-01
4460 7.656097e-02 6.047348e+00 5.869651e+00 8.229293e+00 1.277734e-01
4470 7.673264e-02 6.038923e+00 5.867901e+00 8.132196e+00 1.275954e-01
4480 7.690430e-02 6.032516e+00 5.864036e+00 8.033200e+00 1.274600e-01
4490 7.707596e-02 6.027906e+00 5.858098e+00 7.932472e+00 1.273626e-01
4500 7.724762e-02 6.024878e+00 5.850137e+00 7.830173e+00 1.272987e-01
4510 7.741928e-02 6.023220e+00 5.840202e+00 7.726469e+00 1.272636e-01
4520 7.759094e-02 6.022728e+00 5.828345e+00 7.621521e+00 1.272532e-01
4530 7.776260e-02 6.023210e+00 5.814620e+00 7.515492e+00 1.272634e-01
4540 7.793427e-02 6.024482e+00 5.799083e+00 7.408542e+00 1.272903e-01
4550 7.810593e-02 6.026373e+00 5.781791e+00 7.300830e+00 1.273302e-01
4560 7.827759e-02 6.028723e+00 5.762802e+00 7.192515e+00 1.273799e-01
4570 7.844925e-02 6.031389e+00 5.742176e+00 7.083752e+00 1.274362e-01
4580 7.862091e-02 6.034240e+00 5.719972e+00 6.974694e+00 1.274965e-01
4590 7.879257e-02 6.037157e+00 5.696251e+00 6.865495e+00 1.275581e-01
4600 7.896423e-02 6.040040e+00 5.671075e+00 6.756303e+00 1.276190e-01
4610 7.913589e-02 6.042800e+00 5.644505e+00 6.647267e+00 1.276773e-01
4620 7.930756e-02 6.045363e+00 5.616603e+00 6.538532e+00 1.277315e-01
4630 7.947922e-02 6.047671e+00 5.587431e+00 6.430240e+00 1.277802e-01
4640 7.965088e-02 6.049677e+00 5.557051e+00 6.322532e+00 1.278226e-01
4650 7.982254e-02 6.051347e+00 5.525527e+00 6.215545e+00 1.278579e-01
4660 7.999420e-02 6.052660e+00 5.492920e+00 6.109417e+00 1.278857e-01
4670 8.016586e-02 6.053607e+00 5.459293e+00 6.004278e+00 1.279057e-01
4680 8.033752e-02 6.054189e+00 5.424709e+00 5.900259e+00 1.279180e-01
4690 8.050919e-02 6.054417e+00 5.389230e+00 5.797489e+00 1.279228e-01
4700 8.068085e-02 6.054309e+00 5.352920e+00 5.696091e+00 1.279205e-01
4710 8.085251e-02 6.053892e+00 5.315841e+00 5.596189e+00 1.279117e-01
4720 8.102417e-02 6.053200e+00 5.278058e+00 5.497902e+00 1.278971e-01
4730 8.119583e-02 6.052271e+00 5.239633e+00 5.401347e+00 1.278774e-01
4740 8.136749e-02 6.051149e+00 5.200630e+00 5.306638e+00 1.278537e-01
4750 8.153915e-02 6.049879e+00 5.161115e+00 5.213887e+00 1.278269e-01
4760 8.171082e-02 6.048510e+00 5.121151e+00 5.123202e+00 1.277980e-01
4770 8.188248e-02 6.047090e+00 5.080804e+00 5.034689e+00 1.277680e-01
4780 8.205414e-02 6.045668e+00 5.040141e+00 4.948451e+00 1.277379e-01
4790 8.222580e-02 6.044293e+00 4.999228e+00 4.864587e+00 1.277089e-01
4800 8.239746e-02 6.043009e+00 4.958134e+00 4.783192e+00 1.276817e-01
4810 8.256912e-02 6.041859e+00 4.916927e+00 4.704360e+00 1.276575e-01
4820 8.274078e-02 6.040882e+00 4.875678e+00 4.628178e+00 1.276368e-01
4830 8.291245e-02 6.040112e+00 4.834456e+00 4.554733e+00 1.276205e-01
4840 8.308411e-02 6.039577e+00 4.793335e+00 4.484103e+00 1.276092e-01
4850 8.325577e-02 6.039300e+00 4.752388e+00 4.416365e+00 1.276034e-01
4860 8.342743e-02 6.039297e+00 4.711689e+00 4.351590e+00 1.276033e-01
4870 8.359909e-02 6.039578e+00 4.671313e+00 4.289842e+00 1.276093e-01
4880 8.377075e-02 6.040146e+00 4.631339e+00 4.231182e+00 1.276213e-01
4890 8.394241e-02 6.040996e+00 4.591845e+00 4.175663e+00 1.276392e-01
4900 8.411407e-02 6.042117e+00 4.552908e+00 4.123331e+00 1.276629e-01
4910 8.428574e-02 6.043489e+00 4.514610e+00 4.074226e+00 1.276919e-01
4920 8.445740e-02 6.045088e+00 4.477030e+00 4.028379e+00 1.277257e-01
4930 8.462906e-02 6.046879e+00 4.440251e+00 3.985814e+00 1.277635e-01
4940 8.480072e-02 6.048826e+00 4.404353e+00 3.946548e+00 1.278046e-01
4950 8.497238e-02 6.050882e+00 4.369418e+00 3.910585e+00 1.278481e-01
4960 8.514404e-02 6.052997e+00 4.335526e+00 3.877925e+00 1.278928e-01
4970 8.531570e-02 6.055115e+00 4.302758e+00 3.848553e+00 1.279375e-01
4980 8.548737e-02 6.057176e+00 4.271193e+00 3.822450e+00 1.279811e-01
4990 8.565903e-02 6.059116e+00 4.240906e+00 3.799583e+00 1.280221e-01
5000 8.583069e-02 6.060869e+00 4.211973e+00 3.779911e+00 1.280591e-01
5010 8.600235e-02 6.062363e+00 4.184465e+00 3.763383e+00 1.280907e-01
5020 8.617401e-02 6.063527e+00 4.158450e+00 3.749940e+00 1.281153e-01
5030 8.634567e-02 6.064288e+00 4.133992e+00 3.739512e+00 1.281313e-01
5040 8.651733e-02 6.064573e+00 4.111151e+00 3.732020e+00 1.281374e-01
5050 8.668900e-02 6.064307e+00 4.089979e+00 3.727378e+00 1.281317e-01
5060 8.686066e-02 6.063417e+00 4.070525e+00 3.725492e+00 1.281129e-01
5070 8.703232e-02 6.061832e+00 4.052830e+00 3.726258e+00 1.280795e-01
5080 8.720398e-02 6.059482e+00 4.036927e+00 3.729570e+00 1.280298e-01
5090 8.737564e-02 6.056299e+00 4.022842e+00 3.735312e+00 1.279625e-01
5100 8.754730e-02 6.052218e+00 4.010593e+00 3.743364e+00 1.278763e-01
5110 8.771896e-02 6.047178e+00 4.000189e+00 3.753603e+00 1.277698e-01
5120 8.789063e-02 6.041122e+00 3.991631e+00 3.765901e+00 1.276419e-01
5130 8.806229e-02 6.033995e+00 3.984910e+00 3.780126e+00 1.274913e-01
5140 8.823395e-02 6.025750e+00 3.980007e+00 3.796146e+00 1.273171e-01
5150 8.840561e-02 6.016342e+00 3.976894e+00 3.813825e+00 1.271183e-01
5160 8.857727e-02 6.005731e+00 3.975536e+00 3.833027e+00 1.268941e-01
5170 8.874893e-02 5.993885e+00 3.975886e+00 3.853617e+00 1.266438e-01
5180 8.892059e-02 5.980775e+00 3.977890e+00 3.875458e+00 1.263668e-01
5190 8.909225e-02 5.966378e+00 3.981484e+00 3.898415e+00 1.260626e-01
5200 8.926392e-02 5.950677e+00 3.986597e+00 3.922353e+00 1.257309e-01
5210 8.943558e-02 5.933661e+00 3.993152e+00 3.947142e+00 1.253714e-01
5220 8.960724e-02 5.915326e+00 4.001063e+00 3.972650e+00 1.249839e-01
5230 8.977890e-02 5.895670e+00 4.010238e+00 3.998751e+00 1.245686e-01
5240 8.995056e-02 5.874702e+00 4.020581e+00 4.025319e+00 1.241256e-01
5250 9.012222e-02 5.852432e+00 4.031989e+00 4.052234e+00 1.236551e-01
5260 9.029388e-02 5.828879e+00 4.044359e+00 4.079376e+00 1.231574e-01
5270 9.046555e-02 5.804066e+00 4.057580e+00 4.106632e+00 1.226331e-01
5280 9.063721e-02 5.778021e+00 4.071542e+00 4.133891e+00 1.220828e-01
5290 9.080887e-02 5.750779e+00 4.086132e+00 4.161046e+00 1.215073e-01
5300 9.098053e-02 5.722378e+00 4.101236e+00 4.187995e+00 1.209072e-01
5310 9.115219e-02 5.692863e+00 4.116742e+00 4.214641e+00 1.202836e-01
5320 9.132385e-02 5.662282e+00 4.132534e+00 4.240890e+00 1.196374e-01
5330 9.149551e-02 5.630687e+00 4.148503e+00 4.266653e+00 1.189699e-01
5340 9.166718e-02 5.598137e+00 4.164536e+00 4.291845e+00 1.182821e-01
5350 9.183884e-02 5.564692e+00 4.180527e+00 4.316388e+00 1.175755e-01
5360 9.201050e-02 5.530417e+00 4.196370e+00 4.340207e+00 1.168513e-01
5370 9.218216e-02 5.495379e+00 4.211963e+00 4.363232e+00 1.161110e-01
5380 9.235382e-02 5.459650e+00 4.227208e+00 4.385398e+00 1.153560e-01
5390 9.252548e-02 5.423302e+00 4.242010e+00 4.406645e+00 1.145881e-01
5400 9.269714e-02 5.386412e+00 4.256281e+00 4.426917e+00 1.138086e-01
5410 9.286880e-02 5.349057e+00 4.269934e+00 4.446166e+00 1.130194e-01
5420 9.304047e-02 5.311318e+00 4.282891e+00 4.464345e+00 1.122220e-01
5430 9.321213e-02 5.273273e+00 4.295075e+00 4.481414e+00 1.114181e-01
5440 9.338379e-02 5.235005e+00 4.306416e+00 4.497338e+00 1.106096e-01
5450 9.355545e-02 5.196596e+00 4.316850e+00 4.512086e+00 1.097980e-01
5460 9.372711e-02 5.158128e+00 4.326318e+00 4.525631e+00 1.089852e-01
5470 9.389877e-02 5.119681e+00 4.334766e+00 4.537954e+00 1.081729e-01
5480 9.407043e-02 5.081339e+00 4.342145e+00 4.549036e+00 1.073628e-01
5490 9.424210e-02 5.043179e+00 4.348413e+00 4.558866e+00 1.065565e-01
5500 9.441376e-02 5.005281e+00 4.353531e+00 4.567437e+00 1.057558e-01
5510 9.458542e-02 4.967721e+00 4.357468e+00 4.574744e+00 1.049622e-01
5520 9.475708e-02 4.930573e+00 4.360196e+00 4.580790e+00 1.041773e-01
5530 9.492874e-02 4.893911e+00 4.361693e+00 4.585579e+00 1.034026e-01
5540 9.510040e-02 4.857801e+00 4.361942e+00 4.589121e+00 1.026397e-01
5550 9.527206e-02 4.822310e+00 4.360931e+00 4.591428e+00 1.018898e-01
5560 9.544373e-02 4.787499e+00 4.358652e+00 4.592518e+00 1.011543e-01
5570 9.561539e-02 4.753428e+00 4.355102e+00 4.592410e+00 1.004344e-01
5580 9.578705e-02 4.720148e+00 4.350282e+00 4.591130e+00 9.973123e-02
5590 9.595871e-02 4.687710e+00 4.344197e+00 4.588703e+00 9.904585e-02
5600 9.613037e-02 4.656158e+00 4.336856e+00 4.585160e+00 9.837920e-02
5610 9.630203e-02 4.625532e+00 4.328272e+00 4.580535e+00 9.773210e-02
5620 9.647369e-02 4.595866e+00 4.318461e+00 4.574863e+00 9.710529e-02
5630 9.664536e-02 4.567189e+00 4.307442e+00 4.568184e+00 9.649939e-02
5640 9.681702e-02 4.539526e+00 4.295238e+00 4.560537e+00 9.591490e-02
5650 9.698868e-02 4.512895e+00 4.281874e+00 4.551967e+00 9.535221e-02
5660 9.716034e-02 4.487309e+00 4.267378e+00 4.542517e+00 9.481161e-02
5670 9.733200e-02 4.462775e+00 4.251779e+00 4.532236e+00 9.429324e-02
5680 9.750366e-02 4.439297e+00 4.235110e+00 4.521172e+00 9.379717e-02
5690 9.767532e-02 4.416871e+00 4.217406e+00 4.509374e+00 9.332333e-02
5700 9.784698e-02 4.395488e+00 4.198701e+00 4.496893e+00 9.287155e-02
5710 9.801865e-02 4.375137e+00 4.179033e+00 4.483781e+00 9.244154e-02
5720 9.819031e-02 4.355798e+00 4.158440e+00 4.470092e+00 9.203294e-02
5730 9.836197e-02 4.337450e+00 4.136962e+00 4.455877e+00 9.164527e-02
5740 9.853363e-02 4.320066e+00 4.114639e+00 4.441190e+00 9.127796e-02
5750 9.870529e-02 4.303614e+00 4.091512e+00 4.426085e+00 9.093036e-02
5760 9.887695e-02 4.288061e+00 4.067623e+00 4.410615e+00 9.060174e-02
5770 9.904861e-02 4.273368e+00 4.043013e+00 4.394831e+00 9.029130e-02
5780 9.922028e-02 4.259495e+00 4.017724e+00 4.378787e+00 8.999816e-02
5790 9.939194e-02 4.246397e+00 3.991799e+00 4.362534e+00 8.972142e-02
5800 9.956360e-02 4.234028e+00 3.965278e+00 4.346120e+00 8.946009e-02
5810 9.973526e-02 4.222341e+00 3.938202e+00 4.329596e+00 8.921315e-02
5820 9.990692e-02 4.211286e+00 3.910614e+00 4.313009e+00 8.897957e-02
5830 1.000786e-01 4.200811e+00 3.882553e+00 4.296403e+00 8.875824e-02
5840 1.002502e-01 4.190865e+00 3.854059e+00 4.279823e+00 8.854809e-02
5850 1.004219e-01 4.181395e+00 3.825171e+00 4.263310e+00 8.834800e-02
5860 1.005936e-01 4.172348e+00 3.795926e+00 4.246904e+00 8.815686e-02
5870 1.007652e-01 4.163672e+00 3.766363e+00 4.230641e+00 8.797355e-02
5880 1.009369e-01 4.155315e+00 3.736516e+00 4.214555e+00 8.779696e-02
5890 1.011086e-01 4.147224e+00 3.706420e+00 4.198678e+00 8.762602e-02
5900 1.012802e-01 4.139350e+00 3.676110e+00 4.183039e+00 8.745964e-02
5910 1.014519e-01 4.131642e+00 3.645618e+00 4.167663e+00 8.729678e-02
5920 1.016235e-01 4.124053e+00 3.614975e+00 4.152574e+00 8.713643e-02
5930 1.017952e-01 4.116536e+00 3.584212e+00 4.137789e+00 8.697762e-02
5940 1.019669e-01 4.109048e+00 3.553356e+00 4.123326e+00 8.681939e-02
5950 1.021385e-01 4.101545e+00 3.522436e+00 4.109198e+00 8.666086e-02
5960 1.023102e-01 4.093987e+00 3.491477e+00 4.095414e+00 8.650118e-02
5970 1.024818e-01 4.086337e+00 3.460505e+00 4.081981e+00 8.633954e-02
5980 1.026535e-01 4.078559e+00 3.429542e+00 4.068902e+00 8.617521e-02
5990 1.028252e-01 4.070621e+00 3.398612e+00 4.056177e+00 8.600748e-02
6000 1.029968e-01 4.062492e+00 3.367734e+00 4.043803e+00 8.583573e-02
6010 1.031685e-01 4.054145e+00 3.336929e+00 4.031774e+00 8.565937e-02
6020 1.033401e-01 4.045556e+00 3.306215e+00 4.020081e+00 8.547788e-02
6030 1.035118e-01 4.036702e+00 3.275609e+00 4.008711e+00 8.529081e-02
6040 1.036835e-01 4.027565e+00 3.245128e+00 3.997649e+00 8.509776e-02
6050 1.038551e-01 4.018129e+00 3.214785e+00 3.986879e+00 8.489838e-02
6060 1.040268e-01 4.008380e+00 3.184595e+00 3.976379e+00 8.469240e-02
6070 1.041985e-01 3.998308e+00 3.154571e+00 3.966129e+00 8.447960e-02
6080 1.043701e-01 3.987906e+00 3.124723e+00 3.956104e+00 8.425982e-02
6090 1.045418e-01 3.977169e+00 3.095064e+00 3.946277e+00 8.403295e-02
6100 1.047134e-01 3.966095e+00 3.065603e+00 3.936622e+00 8.379896e-02
6110 1.048851e-01 3.954683e+00 3.036348e+00 3.927108e+00 8.355785e-02
6120 1.050568e-01 3.942938e+00 3.007307e+00 3.917704e+00 8.330969e-02
6130 1.052284e-01 3.930865e+00 2.978489e+00 3.908381e+00 8.305459e-02
6140 1.054001e-01 3.918470e+00 2.949900e+00 3.899104e+00 8.279271e-02
6150 1.055717e-01 3.905765e+00 2.921545e+00 3.889841e+00 8.252427e-02
6160 1.057434e-01 3.892762e+00 2.893430e+00 3.880558e+00 8.224953e-02
6170 1.059151e-01 3.879474e+00 2.865560e+00 3.871223e+00 8.196877e-02
6180 1.060867e-01 3.865918e+00 2.837939e+00 3.861800e+00 8.168233e-02
6190 1.062584e-01 3.852110e+00 2.810572e+00 3.852258e+00 8.139060e-02
6200 1.064301e-01 3.838071e+00 2.783460e+00 3.842562e+00 8.109396e-02
6210 1.066017e-01 3.823820e+00 2.756608e+00 3.832682e+00 8.079286e-02
6220 1.067734e-01 3.809379e+00 2.730019e+00 3.822585e+00 8.048775e-02
6230 1.069450e-01 3.794772e+00 2.703694e+00 3.812241e+00 8.017911e-02
6240 1.071167e-01 3.780020e+00 2.677637e+00 3.801622e+00 7.986743e-02
6250 1.072884e-01 3.765150e+00 2.651850e+00 3.790698e+00 7.955323e-02
6260 1.074600e-01 3.750185e+00 2.626335e+00 3.779445e+00 7.923704e-02
6270 1.076317e-01 3.735150e+00 2.601094e+00 3.767836e+00 7.891938e-02
6280 1.078033e-01 3.720072e+00 2.576130e+00 3.755850e+00 7.860078e-02
6290 1.079750e-01 3.704973e+00 2.551445e+00 3.743465e+00 7.828177e-02
6300 1.081467e-01 3.689881e+00 2.527042e+00 3.730662e+00 7.796289e-02
6310 1.083183e-01 3.674819e+00 2.502924e+00 3.717423e+00 7.764465e-02
6320 1.084900e-01 3.659811e+00 2.479093e+00 3.703734e+00 7.732755e-02
6330 1.086617e-01 3.644881e+00 2.455553e+00 3.689582e+00 7.701209e-02
6340 1.088333e-01 3.630051e+00 2.432307e+00 3.674956e+00 7.669875e-02
6350 1.090050e-01 3.615342e+00 2.409360e+00 3.659848e+00 7.638797e-02
6360 1.091766e-01 3.600775e+00 2.386716e+00 3.644251e+00 7.608018e-02
6370 1.093483e-01 3.586368e+00 2.364380e+00 3.628162e+00 7.577578e-02
6380 1.095200e-01 3.572139e+00 2.342357e+00 3.611580e+00 7.547515e-02
6390 1.096916e-01 3.558105e+00 2.320654e+00 3.594505e+00 7.517862e-02
6400 1.098633e-01 3.544279e+00 2.299277e+00 3.576940e+00 7.488649e-02
6410 1.100349e-01 3.530675e+00 2.278234e+00 3.558891e+00 7.459905e-02
6420 1.102066e-01 3.517303e+00 2.257531e+00 3.540365e+00 7.431652e-02
6430 1.103783e-01 3.504173e+00 2.237178e+00 3.521372e+00 7.403910e-02
6440 1.105499e-01 3.491293e+00 2.217183e+00 3.501924e+00 7.376696e-02
6450 1.107216e-01 3.478668e+00 2.197556e+00 3.482035e+00 7.350021e-02
6460 1.108932e-01 3.466302e+00 2.178307e+00 3.461720e+00 7.323893e-02
6470 1.110649e-01 3.454198e+00 2.159448e+00 3.440998e+00 7.298317e-02
6480 1.112366e-01 3.442355e+00 2.140990e+00 3.419888e+00 7.273295e-02
6490 1.114082e-01 3.430772e+00 2.122945e+00 3.398411e+00 7.248823e-02
6500 1.115799e-01 3.419447e+00 2.105326e+00 3.376590e+00 7.224894e-02
6510 1.117516e-01 3.408375e+00 2.088146e+00 3.354450e+00 7.201500e-02
6520 1.119232e-01 3.397550e+00 2.071420e+00 3.332016e+00 7.178628e-02
6530 1.120949e-01 3.386964e+00 2.055161e+00 3.309316e+00 7.156261e-02
6540 1.122665e-01 3.376609e+00 2.039384e+00 3.286378e+00 7.134382e-02
6550 1.124382e-01 3.366475e+00 2.024104e+00 3.263230e+00 7.112969e-02
6560 1.126099e-01 3.356550e+00 2.009337e+00 3.239903e+00 7.092000e-02
6570 1.127815e-01 3.346824e+00 1.995098e+00 3.216428e+00 7.071449e-02
6580 1.129532e-01 3.337283e+00 1.981403e+00 3.192836e+00 7.051289e-02
6590 1.131248e-01 3.327913e+00 1.968267e+00 3.169160e+00 7.031493e-02
6600 1.132965e-01 3.318702e+00 1.955706e+00 3.145430e+00 7.012030e-02
6610 1.134682e-01 3.309634e+00 1.943735e+00 3.121681e+00 6.992871e-02
6620 1.136398e-01 3.300696e+00 1.932371e+00 3.097943e+00 6.973986e-02
6630 1.138115e-01 3.291872e+00 1.921626e+00 3.074250e+00 6.955343e-02
6640 1.139832e-01 3.283149e+00 1.911517e+00 3.050634e+00 6.936911e-02
6650 1.141548e-01 3.274512e+00 1.902055e+00 3.027126e+00 6.918662e-02
6660 1.143265e-01 3.265946e+00 1.893255e+00 3.003758e+00 6.900564e-02
6670 1.144981e-01 3.257439e+00 1.885129e+00 2.980560e+00 6.882590e-02
6680 1.146698e-01 3.248978e+00 1.877687e+00 2.957563e+00 6.864711e-02
6690 1.148415e-01 3.240549e+00 1.870939e+00 2.934795e+00 6.846903e-02
6700 1.150131e-01 3.232142e+00 1.864896e+00 2.912283e+00 6.829140e-02
6710 1.151848e-01 3.223746e+00 1.859564e+00 2.890056e+00 6.811400e-02
6720 1.153564e-01 3.215352e+00 1.854950e+00 2.868139e+00 6.793664e-02
6730 1.155281e-01 3.206950e+00 1.851059e+00 2.846556e+00 6.775912e-02
6740 1.156998e-01 3.198535e+00 1.847895e+00 2.825330e+00 6.758131e-02
6750 1.158714e-01 3.190099e+00 1.845459e+00 2.804483e+00 6.740308e-02
6760 1.160431e-01 3.181639e+00 1.843753e+00 2.784034e+00 6.722433e-02
6770 1.162148e-01 3.173152e+00 1.842775e+00 2.764003e+00 6.704500e-02
6780 1.163864e-01 3.164635e+00 1.842522e+00 2.744405e+00 6.686505e-02
6790 1.165581e-01 3.156089e+00 1.842990e+00 2.725257e+00 6.668448e-02
6800 1.167297e-01 3.147516e+00 1.844173e+00 2.706571e+00 6.650334e-02
6810 1.169014e-01 3.138919e+00 1.846064e+00 2.688359e+00 6.632169e-02
6820 1.170731e-01 3.130303e+00 1.848653e+00 2.670632e+00 6.613965e-02
6830 1.172447e-01 3.121675e+00 1.851930e+00 2.653396e+00 6.595736e-02
6840 1.174164e-01 3.113045e+00 1.855882e+00 2.636659e+00 6.577501e-02
6850 1.175880e-01 3.104422e+00 1.860497e+00 2.620426e+00 6.559283e-02
6860 1.177597e-01 3.095821e+00 1.865759e+00 2.604699e+00 6.541108e-02
6870 1.179314e-01 3.087254e+00 1.871652e+00 2.589480e+00 6.523009e-02
6880 1.181030e-01 3.078740e+00 1.878159e+00 2.574769e+00 6.505019e-02
6890 1.182747e-01 3.070297e+00 1.885261e+00 2.560565e+00 6.487180e-02
6900 1.184464e-01 3.061945e+00 1.892938e+00 2.546863e+00 6.469534e-02
6910 1.186180e-01 3.053709e+00 1.901172e+00 2.533660e+00 6.452131e-02
6920 1.187897e-01 3.045612e+00 1.909939e+00 2.520950e+00 6.435023e-02
6930 1.189613e-01 3.037682e+00 1.919220e+00 2.508726e+00 6.418269e-02
6940 1.191330e-01 3.029949e+00 1.928990e+00 2.496979e+00 6.401930e-02
6950 1.193047e-01 3.022444e+00 1.939226e+00 2.485700e+00 6.386072e-02
6960 1.194763e-01 3.015200e+00 1.949906e+00 2.474879e+00 6.370767e-02
6970 1.196480e-01 3.008255e+00 1.961006e+00 2.464505e+00 6.356092e-02
6980 1.198196e-01 3.001645e+00 1.972501e+00 2.454565e+00 6.342126e-02
6990 1.199913e-01 2.995410e+00 1.984366e+00 2.445047e+00 6.328953e-02
7000 1.201630e-01 2.989594e+00 1.996578e+00 2.435937e+00 6.316665e-02
7010 1.203346e-01 2.984241e+00 2.009112e+00 2.427222e+00 6.305353e-02
7020 1.205063e-01 2.979396e+00 2.021943e+00 2.418886e+00 6.295117e-02
7030 1.206779e-01 2.975108e+00 2.035047e+00 2.410915e+00 6.286058e-02
7040 1.208496e-01 2.971428e+00 2.048399e+00 2.403294e+00 6.278281e-02
7050 1.210213e-01 2.968407e+00 2.061975e+00 2.396007e+00 6.271897e-02
7060 1.211929e-01 2.966098e+00 2.075752e+00 2.389038e+00 6.267019e-02
7070 1.213646e-01 2.964556e+00 2.089705e+00 2.382373e+00 6.263762e-02
7080 1.215363e-01 2.963839e+00 2.103811e+00 2.375994e+00 6.262246e-02
7090 1.217079e-01 2.964003e+00 2.118046e+00 2.369887e+00 6.262592e-02
7100 1.218796e-01 2.965106e+00 2.132389e+00 2.364035e+00 6.264924e-02
7110 1.220512e-01 2.967208e+00 2.146816e+00 2.358423e+00 6.269366e-02
7120 1.222229e-01 2.970369e+00 2.161305e+00 2.353035e+00 6.276044e-02
7130 1.223946e-01 2.974648e+00 2.175835e+00 2.347856e+00 6.285084e-02
7140 1.225662e-01 2.980104e+00 2.190385e+00 2.342870e+00 6.296614e-02
7150 1.227379e-01 2.986798e+00 2.204934e+00 2.338063e+00 6.310757e-02
7160 1.229095e-01 2.994787e+00 2.219461e+00 2.333421e+00 6.327637e-02
7170 1.230812e-01 3.004130e+00 2.233946e+00 2.328928e+00 6.347377e-02
7180 1.232529e-01 3.014882e+00 2.248371e+00 2.324571e+00 6.370094e-02
7190 1.234245e-01 3.027097e+00 2.262716e+00 2.320336e+00 6.395903e-02
7200 1.235962e-01 3.040828e+00 2.276962e+00 2.316209e+00 6.424915e-02
7210 1.237679e-01 3.056124e+00 2.291093e+00 2.312178e+00 6.457234e-02
7220 1.239395e-01 3.073032e+00 2.305089e+00 2.308229e+00 6.492959e-02
7230 1.241112e-01 3.091596e+00 2.318935e+00 2.304351e+00 6.532182e-02
7240 1.242828e-01 3.111856e+00 2.332614e+00 2.300532e+00 6.574989e-02
7250 1.244545e-01 3.133847e+00 2.346110e+00 2.296759e+00 6.621455e-02
7260 1.246262e-01 3.157603e+00 2.359408e+00 2.293023e+00 6.671648e-02
7270 1.247978e-01 3.183150e+00 2.372491e+00 2.289311e+00 6.725626e-02
7280 1.249695e-01 3.210512e+00 2.385347e+00 2.285614e+00 6.783438e-02
7290 1.251411e-01 3.239707e+00 2.397961e+00 2.281922e+00 6.845123e-02
7300 1.253128e-01 3.270747e+00 2.410320e+00 2.278225e+00 6.910707e-02
7310 1.254845e-01 3.303640e+00 2.422410e+00 2.274513e+00 6.980206e-02
7320 1.256561e-01 3.338389e+00 2.434220e+00 2.270779e+00 7.053628e-02
7330 1.258278e-01 3.374991e+00 2.445738e+00 2.267013e+00 7.130964e-02
7340 1.259995e-01 3.413438e+00 2.456952e+00 2.263207e+00 7.212197e-02
7350 1.261711e-01 3.453716e+00 2.467851e+00 2.259354e+00 7.297299e-02
7360 1.263428e-01 3.495805e+00 2.478425e+00 2.255447e+00 7.386228e-02
7370 1.265144e-01 3.539680e+00 2.488665e+00 2.251479e+00 7.478932e-02
7380 1.266861e-01 3.585313e+00 2.498561e+00 2.247443e+00 7.575349e-02
7390 1.268578e-01 3.632667e+00 2.508104e+00 2.243333e+00 7.675402e-02
7400 1.270294e-01 3.681702e+00 2.517287e+00 2.239143e+00 7.779007e-02
7410 1.272011e-01 3.732372e+00 2.526101e+00 2.234869e+00 7.886068e-02
7420 1.273727e-01 3.784628e+00 2.534539e+00 2.230506e+00 7.996478e-02
7430 1.275444e-01 3.838414e+00 2.542595e+00 2.226048e+00 8.110121e-02
7440 1.277161e-01 3.893669e+00 2.550263e+00 2.221493e+00 8.226870e-02
7450 1.278877e-01 3.950330e+00 2.557537e+00 2.216835e+00 8.346588e-02
7460 1.280594e-01 4.008329e+00 2.564412e+00 2.212073e+00 8.469132e-02
7470 1.282310e-01 4.067591e+00 2.570883e+00 2.207204e+00 8.594346e-02
7480 1.284027e-01 4.128040e+00 2.576947e+00 2.202224e+00 8.722069e-02
7490 1.285744e-01 4.189596e+00 2.582600e+00 2.197132e+00 8.852129e-02
7500 1.287460e-01 4.252173e+00 2.587838e+00 2.191927e+00 8.984347e-02
7510 1.289177e-01 4.315684e+00 2.592660e+00 2.186607e+00 9.118538e-02
7520 1.290894e-01 4.380036e+00 2.597063e+00 2.181171e+00 9.254506e-02
7530 1.292610e-01 4.445135e+00 2.601046e+00 2.175620e+00 9.392052e-02
7540 1.294327e-01 4.510881e+00 2.604607e+00 2.169953e+00 9.530966e-02
7550 1.296043e-01 4.577174e+00 2.607747e+00 2.164171e+00 9.671035e-02
7560 1.297760e-01 4.643909e+00 2.610464e+00 2.158275e+00 9.812039e-02
7570 1.299477e-01 4.710978e+00 2.612759e+00 2.152266e+00 9.953749e-02
7580 1.301193e-01 4.778273e+00 2.614634e+00 2.146146e+00 1.009593e-01
7590 1.302910e-01 4.845679e+00 2.616089e+00 2.139917e+00 1.023835e-01
7600 1.304626e-01 4.913081e+00 2.617125e+00 2.133581e+00 1.038077e-01
7610 1.306343e-01 4.980363e+00 2.617746e+00 2.127142e+00 1.052293e-01
7620 1.308060e-01 5.047404e+00 2.617953e+00 2.120603e+00 1.066458e-01
7630 1.309776e-01 5.114083e+00 2.617750e+00 2.113968e+00 1.080546e-01
7640 1.311493e-01 5.180276e+00 2.617140e+00 2.107240e+00 1.094532e-01
7650 1.313210e-01 5.245857e+00 2.616126e+00 2.100425e+00 1.108389e-01
7660 1.314926e-01 5.310700e+00 2.614714e+00 2.093527e+00 1.122089e-01
7670 1.316643e-01 5.374675e+00 2.612906e+00 2.086550e+00 1.135606e-01
7680 1.318359e-01 5.437653e+00 2.610708e+00 2.079502e+00 1.148913e-01
7690 1.320076e-01 5.499503e+00 2.608126e+00 2.072386e+00 1.161981e-01
7700 1.321793e-01 5.560093e+00 2.605165e+00 2.065211e+00 1.174783e-01
7710 1.323509e-01 5.619292e+00 2.601830e+00 2.057981e+00 1.187291e-01
7720 1.325226e-01 5.676965e+00 2.598129e+00 2.050704e+00 1.199477e-01
7730 1.326942e-01 5.732981e+00 2.594067e+00 2.043387e+00 1.211312e-01
7740 1.328659e-01 5.787206e+00 2.589651e+00 2.036037e+00 1.222769e-01
7750 1.330376e-01 5.839508e+00 2.584889e+00 2.028661e+00 1.233820e-01
7760 1.332092e-01 5.889755e+00 2.579788e+00 2.021267e+00 1.244437e-01
7770 1.333809e-01 5.937816e+00 2.574355e+00 2.013863e+00 1.254591e-01
7780 1.335526e-01 5.983561e+00 2.568598e+00 2.006456e+00 1.264257e-01
7790 1.337242e-01 6.026863e+00 2.562525e+00 1.999056e+00 1.273406e-01
7800 1.338959e-01 6.067594e+00 2.556146e+00 1.991670e+00 1.282012e-01
7810 1.340675e-01 6.105631e+00 2.549467e+00 1.984306e+00 1.290049e-01
7820 1.342392e-01 6.140853e+00 2.542499e+00 1.976974e+00 1.297491e-01
7830 1.344109e-01 6.173141e+00 2.535249e+00 1.969681e+00 1.304313e-01
7840 1.345825e-01 6.202380e+00 2.527727e+00 1.962436e+00 1.310491e-01
7850 1.347542e-01 6.228458e+00 2.519942e+00 1.955248e+00 1.316001e-01
7860 1.349258e-01 6.251268e+00 2.511904e+00 1.948126e+00 1.320820e-01
7870 1.350975e-01 6.270707e+00 2.503622e+00 1.941077e+00 1.324927e-01
7880 1.352692e-01 6.286677e+00 2.495105e+00 1.934111e+00 1.328302e-01
7890 1.354408e-01 6.299085e+00 2.486363e+00 1.927235e+00 1.330923e-01
7900 1.356125e-01 6.307844e+00 2.477405e+00 1.920458e+00 1.332774e-01
7910 1.357841e-01 6.312873e+00 2.468243e+00 1.913788e+00 1.333837e-01
7920 1.359558e-01 6.314098e+00 2.458884e+00 1.907233e+00 1.334095e-01
7930 1.361275e-01 6.311451e+00 2.449340e+00 1.900800e+00 1.333536e-01
7940 1.362991e-01 6.304871e+00 2.439620e+00 1.894498e+00 1.332146e-01
7950 1.364708e-01 6.294305e+00 2.429733e+00 1.888332e+00 1.329913e-01
7960 1.366425e-01 6.279709e+00 2.419691e+00 1.882310e+00 1.326829e-01
7970 1.368141e-01 6.261046e+00 2.409501e+00 1.876439e+00 1.322886e-01
7980 1.369858e-01 6.238288e+00 2.399175e+00 1.870726e+00 1.318078e-01
7990 1.371574e-01 6.211416e+00 2.388721e+00 1.865175e+00 1.312400e-01
8000 1.373291e-01 6.180421e+00 2.378150e+00 1.859792e+00 1.305851e-01
8010 1.375008e-01 6.145303e+00 2.367470e+00 1.854584e+00 1.298431e-01
8020 1.376724e-01 6.106071e+00 2.356691e+00 1.849554e+00 1.290142e-01
8030 1.378441e-01 6.062746e+00 2.345822e+00 1.844707e+00 1.280988e-01
8040 1.380157e-01 6.015358e+00 2.334873e+00 1.840047e+00 1.270975e-01
8050 1.381874e-01 5.963948e+00 2.323851e+00 1.835577e+00 1.260113e-01
8060 1.383591e-01 5.908569e+00 2.312766e+00 1.831301e+00 1.248412e-01
8070 1.385307e-01 5.849283e+00 2.301626e+00 1.827220e+00 1.235885e-01
8080 1.387024e-01 5.786164e+00 2.290440e+00 1.823338e+00 1.222549e-01
8090 1.388741e-01 5.719299e+00 2.279215e+00 1.819656e+00 1.208421e-01
8100 1.390457e-01 5.648783e+00 2.267958e+00 1.816174e+00 1.193522e-01
8110 1.392174e-01 5.574726e+00 2.256679e+00 1.812893e+00 1.177875e-01
8120 1.393890e-01 5.497247e+00 2.245384e+00 1.809814e+00 1.161504e-01
8130 1.395607e-01 5.416480e+00 2.234079e+00 1.806936e+00 1.144439e-01
8140 1.397324e-01 5.332569e+00 2.222772e+00 1.804259e+00 1.126710e-01
8150 1.399040e-01 5.245669e+00 2.211470e+00 1.801780e+00 1.108349e-01
8160 1.400757e-01 5.155950e+00 2.200178e+00 1.799498e+00 1.089392e-01
8170 1.402473e-01 5.063591e+00 2.188901e+00 1.797410e+00 1.069878e-01
8180 1.404190e-01 4.968787e+00 2.177647e+00 1.795515e+00 1.049847e-01
8190 1.405907e-01 4.871744e+00 2.166419e+00 1.793808e+00 1.029343e-01
8200 1.407623e-01 4.772680e+00 2.155223e+00 1.792286e+00 1.008412e-01
8210 1.409340e-01 4.671828e+00 2.144063e+00 1.790945e+00 9.871028e-02
8220 1.411057e-01 4.569432e+00 2.132943e+00 1.789780e+00 9.654677e-02
8230 1.412773e-01 4.465751e+00 2.121868e+00 1.788787e+00 9.435612e-02
8240 1.414490e-01 4.361059e+00 2.110841e+00 1.787960e+00 9.214409e-02
8250 1.416206e-01 4.255642e+00 2.099865e+00 1.787293e+00 8.991676e-02
8260 1.417923e-01 4.149802e+00 2.088943e+00 1.786781e+00 8.768048e-02
8270 1.419640e-01 4.043855e+00 2.078078e+00 1.786418e+00 8.544195e-02
8280 1.421356e-01 3.938135e+00 2.067271e+00 1.786196e+00 8.320820e-02
8290 1.423073e-01 3.832987e+00 2.056525e+00 1.786110e+00 8.098656e-02
8300 1.424789e-01 3.728778e+00 2.045841e+00 1.786151e+00 7.878473e-02
8310 1.426506e-01 3.625884e+00 2.035221e+00 1.786313e+00 7.661072e-02
8320 1.428223e-01 3.524704e+00 2.024666e+00 1.786588e+00 7.447289e-02
8330 1.429939e-01 3.425647e+00 2.014175e+00 1.786968e+00 7.237993e-02
8340 1.431656e-01 3.329138e+00 2.003751e+00 1.787447e+00 7.034082e-02
8350 1.433372e-01 3.235617e+00 1.993391e+00 1.788014e+00 6.836481e-02
8360 1.435089e-01 3.145531e+00 1.983097e+00 1.788664e+00 6.646140e-02
8370 1.436806e-01 3.059335e+00 1.972869e+00 1.789387e+00 6.464019e-02
8380 1.438522e-01 2.977489e+00 1.962704e+00 1.790175e+00 6.291087e-02
8390 1.440239e-01 2.900447e+00 1.952603e+00 1.791019e+00 6.128306e-02
8400 1.441956e-01 2.828652e+00 1.942563e+00 1.791913e+00 5.976613e-02
8410 1.443672e-01 2.762531e+00 1.932584e+00 1.792846e+00 5.836906e-02
8420 1.445389e-01 2.702477e+00 1.922664e+00 1.793811e+00 5.710020e-02
8430 1.447105e-01 2.648846e+00 1.912802e+00 1.794799e+00 5.596704e-02
8440 1.448822e-01 2.601939e+00 1.902994e+00 1.795803e+00 5.497595e-02
8450 1.450539e-01 2.561995e+00 1.893239e+00 1.796813e+00 5.413196e-02
8460 1.452255e-01 2.529176e+00 1.883534e+00 1.797822e+00 5.343853e-02
8470 1.453972e-01 2.503563e+00 1.873877e+00 1.798821e+00 5.289737e-02
8480 1.455688e-01 2.485148e+00 1.864265e+00 1.799803e+00 5.250829e-02
8490 1.457405e-01 2.473834e+00 1.854696e+00 1.800759e+00 5.226923e-02
8500 1.459122e-01 2.469433e+00 1.845165e+00 1.801682e+00 5.217624e-02
8510 1.460838e-01 2.471674e+00 1.835671e+00 1.802564e+00 5.222360e-02
8520 1.462555e-01 2.480214e+00 1.826210e+00 1.803398e+00 5.240404e-02
8530 1.464272e-01 2.494648e+00 1.816779e+00 1.804176e+00 5.270900e-02
8540 1.465988e-01 2.514518e+00 1.807374e+00 1.804891e+00 5.312884e-02
8550 1.467705e-01 2.539337e+00 1.797993e+00 1.805536e+00 5.365323e-02
8560 1.469421e-01 2.568592e+00 1.788631e+00 1.806104e+00 5.427136e-02
8570 1.471138e-01 2.601764e+00 1.779285e+00 1.806588e+00 5.497225e-02
8580 1.472855e-01 2.638334e+00 1.769953e+00 1.806982e+00 5.574493e-02
8590 1.474571e-01 2.677797e+00 1.760629e+00 1.807280e+00 5.657872e-02
8600 1.476288e-01 2.719662e+00 1.751312e+00 1.807476e+00 5.746329e-02
8610 1.478004e-01 2.763466e+00 1.741996e+00 1.807564e+00 5.838882e-02
8620 1.479721e-01 2.808771e+00 1.732680e+00 1.807537e+00 5.934605e-02
8630 1.481438e-01 2.855167e+00 1.723358e+00 1.807392e+00 6.032636e-02
8640 1.483154e-01 2.902278e+00 1.714029e+00 1.807122e+00 6.132175e-02
8650 1.484871e-01 2.949755e+00 1.704689e+00 1.806722e+00 6.232488e-02
8660 1.486588e-01 2.997281e+00 1.695333e+00 1.806189e+00 6.332905e-02
8670 1.488304e-01 3.044567e+00 1.685960e+00 1.805517e+00 6.432815e-02
8680 1.490021e-01 3.091352e+00 1.676565e+00 1.804702e+00 6.531667e-02
8690 1.491737e-01 3.137402e+00 1.667146e+00 1.803740e+00 6.628965e-02
8700 1.493454e-01 3.182507e+00 1.657700e+00 1.802628e+00 6.724266e-02
8710 1.495171e-01 3.226478e+00 1.648223e+00 1.801362e+00 6.817173e-02
8720 1.496887e-01 3.269151e+00 1.638714e+00 1.799939e+00 6.907334e-02
8730 1.498604e-01 3.310378e+00 1.629168e+00 1.798356e+00 6.994442e-02
8740 1.500320e-01 3.350031e+00 1.619585e+00 1.796610e+00 7.078225e-02
8750 1.502037e-01 3.387998e+00 1.609960e+00 1.794698e+00 7.158446e-02
8760 1.503754e-01 3.424185e+00 1.600292e+00 1.792619e+00 7.234904e-02
8770 1.505470e-01 3.458508e+00 1.590580e+00 1.790371e+00 7.307424e-02
8780 1.507187e-01 3.490899e+00 1.580819e+00 1.787952e+00 7.375862e-02
8790 1.508904e-01 3.521300e+00 1.571010e+00 1.785360e+00 7.440097e-02
8800 1.510620e-01 3.549666e+00 1.561150e+00 1.782595e+00 7.500032e-02
8810 1.512337e-01 3.575962e+00 1.551238e+00 1.779656e+00 7.555591e-02
8820 1.514053e-01 3.600160e+00 1.541272e+00 1.776542e+00 7.606720e-02
8830 1.515770e-01 3.622244e+00 1.531251e+00 1.773253e+00 7.653379e-02
8840 1.517487e-01 3.642203e+00 1.521175e+00 1.769790e+00 7.695550e-02
8850 1.519203e-01 3.660034e+00 1.511042e+00 1.766151e+00 7.733225e-02
8860 1.520920e-01 3.675742e+00 1.500852e+00 1.762338e+00 7.766415e-02
8870 1.522636e-01 3.689337e+00 1.490605e+00 1.758353e+00 7.795140e-02
8880 1.524353e-01 3.700836e+00 1.480302e+00 1.754195e+00 7.819435e-02
8890 1.526070e-01 3.710259e+00 1.469941e+00 1.749867e+00 7.839345e-02
8900 1.527786e-01 3.717632e+00 1.459523e+00 1.745370e+00 7.854924e-02
8910 1.529503e-01 3.722987e+00 1.449050e+00 1.740706e+00 7.866239e-02
8920 1.531219e-01 3.726358e+00 1.438522e+00 1.735878e+00 7.873361e-02
8930 1.532936e-01 3.727784e+00 1.427941e+00 1.730888e+00 7.876373e-02
8940 1.534653e-01 3.727306e+00 1.417308e+00 1.725739e+00 7.875362e-02
8950 1.536369e-01 3.724969e+00 1.406624e+00 1.720435e+00 7.870426e-02
8960 1.538086e-01 3.720822e+00 1.395893e+00 1.714979e+00 7.861663e-02
8970 1.539803e-01 3.714915e+00 1.385117e+00 1.709374e+00 7.849183e-02
8980 1.541519e-01 3.707302e+00 1.374297e+00 1.703625e+00 7.833097e-02
8990 1.543236e-01 3.698038e+00 1.363438e+00 1.697737e+00 7.813523e-02
9000 1.544952e-01 3.687179e+00 1.352544e+00 1.691713e+00 7.790580e-02
9010 1.546669e-01 3.674786e+00 1.341616e+00 1.685560e+00 7.764395e-02
9020 1.548386e-01 3.660919e+00 1.330661e+00 1.679282e+00 7.735095e-02
9030 1.550102e-01 3.645640e+00 1.319683e+00 1.672884e+00 7.702812e-02
9040 1.551819e-01 3.629012e+00 1.308685e+00 1.666374e+00 7.667679e-02
9050 1.553535e-01 3.611100e+00 1.297674e+00 1.659757e+00 7.629833e-02
9060 1.555252e-01 3.591969e+00 1.286656e+00 1.653039e+00 7.589412e-02
9070 1.556969e-01 3.571686e+00 1.275636e+00 1.646227e+00 7.546556e-02
9080 1.558685e-01 3.550316e+00 1.264620e+00 1.639328e+00 7.501405e-02
9090 1.560402e-01 3.527928e+00 1.253617e+00 1.632351e+00 7.454102e-02
9100 1.562119e-01 3.504589e+00 1.242632e+00 1.625301e+00 7.404789e-02
9110 1.563835e-01 3.480367e+00 1.231674e+00 1.618187e+00 7.353610e-02
9120 1.565552e-01 3.455328e+00 1.220750e+00 1.611018e+00 7.300707e-02
9130 1.567268e-01 3.429542e+00 1.209869e+00 1.603801e+00 7.246223e-02
9140 1.568985e-01 3.403075e+00 1.199041e+00 1.596545e+00 7.190302e-02
9150 1.570702e-01 3.375995e+00 1.188274e+00 1.589260e+00 7.133084e-02
9160 1.572418e-01 3.348367e+00 1.177577e+00 1.581953e+00 7.074710e-02
9170 1.574135e-01 3.320258e+00 1.166962e+00 1.574635e+00 7.015319e-02
9180 1.575851e-01 3.291733e+00 1.156439e+00 1.567316e+00 6.955049e-02
9190 1.577568e-01 3.262857e+00 1.146018e+00 1.560003e+00 6.894036e-02
9200 1.579285e-01 3.233691e+00 1.135711e+00 1.552709e+00 6.832413e-02
9210 1.581001e-01 3.204299e+00 1.125530e+00 1.545443e+00 6.770310e-02
9220 1.582718e-01 3.174740e+00 1.115486e+00 1.538214e+00 6.707856e-02
9230 1.584435e-01 3.145074e+00 1.105592e+00 1.531034e+00 6.645176e-02
9240 1.586151e-01 3.115359e+00 1.095860e+00 1.523913e+00 6.582390e-02
9250 1.587868e-01 3.085650e+00 1.086303e+00 1.516862e+00 6.519618e-02
9260 1.589584e-01 3.056000e+00 1.076934e+00 1.509891e+00 6.456973e-02
9270 1.591301e-01 3.026463e+00 1.067767e+00 1.503011e+00 6.394564e-02
9280 1.593018e-01 2.997088e+00 1.058815e+00 1.496234e+00 6.332497e-02
9290 1.594734e-01 2.967921e+00 1.050091e+00 1.489569e+00 6.270872e-02
9300 1.596451e-01 2.939009e+00 1.041610e+00 1.483028e+00 6.209784e-02
9310 1.598167e-01 2.910394e+00 1.033384e+00 1.476621e+00 6.149323e-02
9320 1.599884e-01 2.882116e+00 1.025428e+00 1.470359e+00 6.089574e-02
9330 1.601601e-01 2.854211e+00 1.017754e+00 1.464254e+00 6.030616e-02
9340 1.603317e-01 2.826716e+00 1.010377e+00 1.458315e+00 5.972521e-02
9350 1.605034e-01 2.799660e+00 1.003308e+00 1.452553e+00 5.915355e-02
9360 1.606750e-01 2.773073e+00 9.965623e-01 1.446978e+00 5.859181e-02
9370 1.608467e-01 2.746981e+00 9.901506e-01 1.441601e+00 5.804050e-02
9380 1.610184e-01 2.721405e+00 9.840853e-01 1.436430e+00 5.750012e-02
9390 1.611900e-01 2.696365e+00 9.783777e-01 1.431476e+00 5.697106e-02
9400 1.613617e-01 2.671879e+00 9.730387e-01 1.426748e+00 5.645368e-02
9410 1.615334e-01 2.647957e+00 9.680783e-01 1.422255e+00 5.594826e-02
9420 1.617050e-01 2.624612e+00 9.635059e-01 1.418005e+00 5.545500e-02
9430 1.618767e-01 2.601850e+00 9.593300e-01 1.414006e+00 5.497406e-02
9440 1.620483e-01 2.579675e+00 9.555581e-01 1.410267e+00 5.450552e-02
9450 1.622200e-01 2.558087e+00 9.521967e-01 1.406794e+00 5.404941e-02
9460 1.623917e-01 2.537087e+00 9.492515e-01 1.403595e+00 5.360568e-02
9470 1.625633e-01 2.516668e+00 9.467269e-01 1.400675e+00 5.317426e-02
9480 1.627350e-01 2.496824e+00 9.446261e-01 1.398040e+00 5.275497e-02
9490 1.629066e-01 2.477545e+00 9.429512e-01 1.395696e+00 5.234763e-02
9500 1.630783e-01 2.458819e+00 9.417032e-01 1.393647e+00 5.195199e-02
9510 1.632500e-01 2.440633e+00 9.408817e-01 1.391897e+00 5.156773e-02
9520 1.634216e-01 2.422970e+00 9.404851e-01 1.390449e+00 5.119453e-02
9530 1.635933e-01 2.405812e+00 9.405106e-01 1.389307e+00 5.083200e-02
9540 1.637650e-01 2.389140e+00 9.409540e-01 1.388472e+00 5.047974e-02
9550 1.639366e-01 2.372932e+00 9.418101e-01 1.387946e+00 5.013729e-02
9560 1.641083e-01 2.357167e+00 9.430724e-01 1.387729e+00 4.980419e-02
9570 1.642799e-01 2.341821e+00 9.447333e-01 1.387822e+00 4.947994e-02
9580 1.644516e-01 2.326869e+00 9.467839e-01 1.388225e+00 4.916403e-02
9590 1.646233e-01 2.312288e+00 9.492145e-01 1.388935e+00 4.885594e-02
9600 1.647949e-01 2.298051e+00 9.520144e-01 1.389951e+00 4.855514e-02
9610 1.649666e-01 2.284133e+00 9.551718e-01 1.391270e+00 4.826107e-02
9620 1.651382e-01 2.270508e+00 9.586742e-01 1.392890e+00 4.797319e-02
9630 1.653099e-01 2.257151e+00 9.625082e-01 1.394807e+00 4.769097e-02
9640 1.654816e-01 2.244036e+00 9.666599e-01 1.397016e+00 4.741387e-02
9650 1.656532e-01 2.231138e+00 9.711146e-01 1.399512e+00 4.714134e-02
9660 1.658249e-01 2.218432e+00 9.758571e-01 1.402290e+00 4.687288e-02
9670 1.659966e-01 2.205894e+00 9.808719e-01 1.405343e+00 4.660798e-02
9680 1.661682e-01 2.193502e+00 9.861429e-01 1.408665e+00 4.634614e-02
9690 1.663399e-01 2.181232e+00 9.916540e-01 1.412249e+00 4.608690e-02
9700 1.665115e-01 2.169064e+00 9.973884e-01 1.416088e+00 4.582979e-02
9710 1.666832e-01 2.156976e+00 1.003330e+00 1.420173e+00 4.557439e-02
9720 1.668549e-01 2.144949e+00 1.009461e+00 1.424496e+00 4.532028e-02
9730 1.670265e-01 2.132966e+00 1.015766e+00 1.429048e+00 4.506709e-02
9740 1.671982e-01 2.121009e+00 1.022227e+00 1.433821e+00 4.481445e-02
9750 1.673698e-01 2.109062e+00 1.028829e+00 1.438805e+00 4.456202e-02
9760 1.675415e-01 2.097111e+00 1.035554e+00 1.443989e+00 4.430951e-02
9770 1.677132e-01 2.085142e+00 1.042386e+00 1.449365e+00 4.405662e-02
9780 1.678848e-01 2.073143e+00 1.049310e+00 1.454923e+00 4.380310e-02
9790 1.680565e-01 2.061103e+00 1.056310e+00 1.460651e+00 4.354871e-02
9800 1.682281e-01 2.049013e+00 1.063370e+00 1.466540e+00 4.329327e-02
9810 1.683998e-01 2.036865e+00 1.070475e+00 1.472579e+00 4.303658e-02
9820 1.685715e-01 2.024650e+00 1.077612e+00 1.478758e+00 4.277849e-02
9830 1.687431e-01 2.012363e+00 1.084765e+00 1.485066e+00 4.251888e-02
9840 1.689148e-01 1.999998e+00 1.091920e+00 1.491491e+00 4.225764e-02
9850 1.690865e-01 1.987553e+00 1.099066e+00 1.498025e+00 4.199468e-02
9860 1.692581e-01 1.975023e+00 1.106188e+00 1.504655e+00 4.172994e-02
9870 1.694298e-01 1.962407e+00 1.113275e+00 1.511372e+00 4.146338e-02
9880 1.696014e-01 1.949705e+00 1.120315e+00 1.518164e+00 4.119499e-02
9890 1.697731e-01 1.936915e+00 1.127296e+00 1.525022e+00 4.092475e-02
9900 1.699448e-01 1.924038e+00 1.134209e+00 1.531936e+00 4.065268e-02
9910 1.701164e-01 1.911076e+00 1.141042e+00 1.538894e+00 4.037881e-02
9920 1.702881e-01 1.898031e+00 1.147786e+00 1.545887e+00 4.010319e-02
9930 1.704597e-01 1.884906e+00 1.154432e+00 1.552905e+00 3.982588e-02
9940 1.706314e-01 1.871705e+00 1.160972e+00 1.559939e+00 3.954694e-02
9950 1.708031e-01 1.858430e+00 1.167398e+00 1.566979e+00 3.926646e-02
9960 1.709747e-01 1.845087e+00 1.173701e+00 1.574016e+00 3.898454e-02
9970 1.711464e-01 1.831680e+00 1.179877e+00 1.581041e+00 3.870127e-02
9980 1.713181e-01 1.818215e+00 1.185917e+00 1.588045e+00 3.841677e-02
9990 1.714897e-01 1.804698e+00 1.191817e+00 1.595020e+00 3.813116e-02
10000 1.716614e-01 1.791133e+00 1.197572e+00 1.601957e+00 3.784456e-02
10010 1.718330e-01 1.777528e+00 1.203176e+00 1.608849e+00 3.755711e-02
10020 1.720047e-01 1.763889e+00 1.208626e+00 1.615688e+00 3.726893e-02
10030 1.721764e-01 1.750223e+00 1.213918e+00 1.622466e+00 3.698017e-02
10040 1.723480e-01 1.736535e+00 1.219050e+00 1.629177e+00 3.669097e-02
10050 1.725197e-01 1.722834e+00 1.224018e+00 1.635813e+00 3.640147e-02
10060 1.726913e-01 1.709125e+00 1.228822e+00 1.642369e+00 3.611182e-02
10070 1.728630e-01 1.695416e+00 1.233459e+00 1.648837e+00 3.582216e-02
10080 1.730347e-01 1.681714e+00 1.237929e+00 1.655213e+00 3.553265e-02
10090 1.732063e-01 1.668025e+00 1.242231e+00 1.661490e+00 3.524343e-02
10100 1.733780e-01 1.654357e+00 1.246365e+00 1.667663e+00 3.495464e-02
10110 1.735497e-01 1.640717e+00 1.250333e+00 1.673727e+00 3.466644e-02
10120 1.737213e-01 1.627111e+00 1.254134e+00 1.679678e+00 3.437896e-02
10130 1.738930e-01 1.613546e+00 1.257772e+00 1.685510e+00 3.409235e-02
10140 1.740646e-01 1.600029e+00 1.261246e+00 1.691221e+00 3.380674e-02
10150 1.742363e-01 1.586566e+00 1.264561e+00 1.696806e+00 3.352228e-02
10160 1.744080e-01 1.573163e+00 1.267718e+00 1.702261e+00 3.323910e-02
10170 1.745796e-01 1.559828e+00 1.270720e+00 1.707584e+00 3.295734e-02
10180 1.747513e-01 1.546565e+00 1.273572e+00 1.712772e+00 3.267713e-02
10190 1.749229e-01 1.533382e+00 1.276277e+00 1.717821e+00 3.239858e-02
10200 1.750946e-01 1.520284e+00 1.278839e+00 1.722729e+00 3.212184e-02
10210 1.752663e-01 1.507277e+00 1.281263e+00 1.727494e+00 3.184701e-02
10220 1.754379e-01 1.494367e+00 1.283553e+00 1.732115e+00 3.157422e-02
10230 1.756096e-01 1.481558e+00 1.285715e+00 1.736589e+00 3.130359e-02
10240 1.757813e-01 1.468857e+00 1.287754e+00 1.740915e+00 3.103524e-02
10250 1.759529e-01 1.456269e+00 1.289675e+00 1.745092e+00 3.076926e-02
10260 1.761246e-01 1.443798e+00 1.291485e+00 1.749119e+00 3.050578e-02
10270 1.762962e-01 1.431451e+00 1.293189e+00 1.752994e+00 3.024489e-02
10280 1.764679e-01 1.419232e+00 1.294792e+00 1.756717e+00 2.998671e-02
10290 1.766396e-01 1.407145e+00 1.296302e+00 1.760288e+00 2.973134e-02
10300 1.768112e-01 1.395197e+00 1.297725e+00 1.763707e+00 2.947888e-02
10310 1.769829e-01 1.383390e+00 1.299067e+00 1.766972e+00 2.922943e-02
10320 1.771545e-01 1.371732e+00 1.300334e+00 1.770084e+00 2.898309e-02
10330 1.773262e-01 1.360225e+00 1.301532e+00 1.773043e+00 2.873997e-02
10340 1.774979e-01 1.348875e+00 1.302669e+00 1.775848e+00 2.850016e-02
10350 1.776695e-01 1.337686e+00 1.303749e+00 1.778502e+00 2.826376e-02
10360 1.778412e-01 1.326664e+00 1.304781e+00 1.781002e+00 2.803087e-02
10370 1.780128e-01 1.315813e+00 1.305769e+00 1.783350e+00 2.780160e-02
10380 1.781845e-01 1.305138e+00 1.306719e+00 1.785547e+00 2.757604e-02
10390 1.783562e-01 1.294644e+00 1.307638e+00 1.787592e+00 2.735431e-02
10400 1.785278e-01 1.284336e+00 1.308531e+00 1.789486e+00 2.713651e-02
10410 1.786995e-01 1.274219e+00 1.309403e+00 1.791229e+00 2.692276e-02
10420 1.788712e-01 1.264298e+00 1.310259e+00 1.792822e+00 2.671315e-02
10430 1.790428e-01 1.254580e+00 1.311105e+00 1.794265e+00 2.650782e-02
10440 1.792145e-01 1.245070e+00 1.311944e+00 1.795558e+00 2.630688e-02
10450 1.793861e-01 1.235773e+00 1.312782e+00 1.796703e+00 2.611045e-02
10460 1.795578e-01 1.226697e+00 1.313622e+00 1.797698e+00 2.591868e-02
10470 1.797295e-01 1.217847e+00 1.314467e+00 1.798544e+00 2.573168e-02
10480 1.799011e-01 1.209229e+00 1.315320e+00 1.799242e+00 2.554961e-02
10490 1.800728e-01 1.200852e+00 1.316185e+00 1.799791e+00 2.537260e-02
10500 1.802444e-01 1.192721e+00 1.317064e+00 1.800191e+00 2.520081e-02
10510 1.804161e-01 1.184845e+00 1.317958e+00 1.800441e+00 2.503440e-02
10520 1.805878e-01 1.177231e+00 1.318869e+00 1.800542e+00 2.487352e-02
10530 1.807594e-01 1.169887e+00 1.319798e+00 1.800493e+00 2.471835e-02
10540 1.809311e-01 1.162821e+00 1.320745e+00 1.800293e+00 2.456905e-02
10550 1.811028e-01 1.156042e+00 1.321711e+00 1.799942e+00 2.442582e-02
10560 1.812744e-01 1.149558e+00 1.322696e+00 1.799438e+00 2.428882e-02
10570 1.814461e-01 1.143378e+00 1.323698e+00 1.798781e+00 2.415825e-02
10580 1.816177e-01 1.137512e+00 1.324717e+00 1.797970e+00 2.403430e-02
10590 1.817894e-01 1.131968e+00 1.325750e+00 1.797003e+00 2.391717e-02
10600 1.819611e-01 1.126757e+00 1.326796e+00 1.795878e+00 2.380706e-02
10610 1.821327e-01 1.121887e+00 1.327852e+00 1.794594e+00 2.370416e-02
10620 1.823044e-01 1.117367e+00 1.328915e+00 1.793150e+00 2.360867e-02
10630 1.824760e-01 1.113209e+00 1.329982e+00 1.791543e+00 2.352080e-02
10640 1.826477e-01 1.109420e+00 1.331049e+00 1.789772e+00 2.344074e-02
10650 1.828194e-01 1.106010e+00 1.332112e+00 1.787834e+00 2.336870e-02
10660 1.829910e-01 1.102988e+00 1.333167e+00 1.785727e+00 2.330485e-02
10670 1.831627e-01 1.100363e+00 1.334210e+00 1.783448e+00 2.324939e-02
10680 1.833344e-01 1.098144e+00 1.335234e+00 1.780996e+00 2.320250e-02
10690 1.835060e-01 1.096338e+00 1.336236e+00 1.778368e+00 2.316434e-02
10700 1.836777e-01 1.094952e+00 1.337209e+00 1.775560e+00 2.313507e-02
10710 1.838493e-01 1.093995e+00 1.338148e+00 1.772571e+00 2.311484e-02
10720 1.840210e-01 1.093472e+00 1.339047e+00 1.769398e+00 2.310379e-02
10730 1.841927e-01 1.093388e+00 1.339901e+00 1.766037e+00 2.310203e-02
10740 1.843643e-01 1.093750e+00 1.340702e+00 1.762487e+00 2.310965e-02
10750 1.845360e-01 1.094559e+00 1.341445e+00 1.758743e+00 2.312676e-02
